-0,4337008;0;0;0,9010569;
-0,1562605;-0,1562605;0,689625;0,689625;
-0,774532;0;0;0,6325347;
-0,3179052;0;0;-0,9481226;
0,4975741;-0,4975741;-0,5024142;0,5024142;
-0,6692461;-0,6692461;0,2282756;0,2282756;
-0,4336792;0;0;0,9010673;
-0,1562646;-0,1562646;0,6896241;0,6896241;
-0,774532;0;0;0,6325347;
-0,3179108;0;0;-0,9481207;
0,4975771;-0,4975771;-0,5024112;0,5024112;
-0,6692433;-0,6692433;0,2282838;0,2282838;
-0,4336846;0;0;0,9010648;
-0,1562398;-0,1562398;0,6896297;0,6896297;
-0,7745395;0;0;0,6325256;
-0,3178939;0;0;-0,9481264;
0,4975741;-0,4975741;-0,5024142;0,5024142;
-0,6692406;-0,6692406;0,2282917;0,2282917;
-0,4336792;0;0;0,9010673;
-0,1562398;-0,1562398;0,6896297;0,6896297;
-0,7745433;0;0;0,6325209;
-0,3179108;0;0;-0,9481207;
0,4975771;-0,4975771;-0,5024112;0,5024112;
-0,6692378;-0,6692378;0,2282998;0,2282998;
-0,4336846;0;0;0,9010648;
-0,156248;-0,156248;0,6896279;0,6896279;
-0,7745358;0;0;0,6325301;
-0,3179165;0;0;-0,9481187;
0,4975682;-0,4975682;-0,5024201;0,5024201;
-0,6692406;-0,6692406;0,2282917;0,2282917;
-0,4336954;0;0;0,9010595;
-0,1562687;-0,1562687;0,6896232;0,6896232;
-0,7745433;0;0;0,6325209;
-0,3179904;0;0;-0,948094;
0,4975741;-0,4975741;-0,5024142;0,5024142;
-0,6692406;-0,6692406;0,2282917;0,2282917;
-0,4336738;0;0;0,9010699;
-0,1562812;-0,1562812;0,6896203;0,6896203;
-0,7745736;0;0;0,6324838;
-0,3179791;0;0;-0,9480977;
0,4975741;-0,4975741;-0,5024142;0,5024142;
-0,6692419;-0,6692419;0,2282877;0,2282877;
-0,4337008;0;0;0,9010569;
-0,1563678;-0,1563678;0,6896007;0,6896007;
-0,774604;0;0;0,6324466;
-0,3181382;0;0;-0,9480444;
0,4975771;-0,4975771;-0,5024112;0,5024112;
-0,6692392;-0,6692392;0,2282958;0,2282958;
-0,4336738;0;0;0,9010699;
-0,1564755;-0,1564755;0,6895763;0,6895763;
-0,7746685;0;0;0,6323676;
-0,318371;0;0;-0,9479663;
0,4975711;-0,4975711;-0,5024171;0,5024171;
-0,6692365;-0,6692365;0,2283037;0,2283037;
-0,4336792;0;0;0,9010673;
-0,1565621;-0,1565621;0,6895566;0,6895566;
-0,774748;0;0;0,6322701;
-0,318621;0;0;-0,9478823;
0,4975801;-0,4975801;-0,5024083;0,5024083;
-0,6692351;-0,6692351;0,2283077;0,2283077;
-0,4337062;0;0;0,9010543;
-0,1566945;-0,1566945;0,6895266;0,6895266;
-0,7748314;0;0;0,632168;
-0,3189279;0;0;-0,9477791;
0,4975741;-0,4975741;-0,5024142;0,5024142;
-0,6692351;-0,6692351;0,2283077;0,2283077;
-0,4336738;0;0;0,9010699;
-0,1569962;-0,1569962;0,6894579;0,6894579;
-0,7750018;0;0;0,631959;
-0,3196321;0;0;-0,9475418;
0,4975741;-0,4975741;-0,5024142;0,5024142;
-0,66922;-0,66922;0,2283518;0,2283518;
-0,4336792;0;0;0,9010673;
-0,1572814;-0,1572814;0,6893929;0,6893929;
-0,7751495;0;0;0,6317779;
-0,3203021;0;0;-0,9473155;
0,4975801;-0,4975801;-0,5024083;0,5024083;
-0,6692228;-0,6692228;0,2283439;0,2283439;
-0,433663;0;0;0,9010751;
-0,1576697;-0,1576697;0,6893042;0,6893042;
-0,7753538;0;0;0,6315271;
-0,3211764;0;0;-0,9470193;
0,4975801;-0,4975801;-0,5024083;0,5024083;
-0,6692214;-0,6692214;0,2283478;0,2283478;
-0,4336523;0;0;0,9010803;
-0,1581326;-0,1581326;0,6891981;0,6891981;
-0,7756338;0;0;0,6311831;
-0,3221921;0;0;-0,9466743;
0,4975922;-0,4975922;-0,5023963;0,5023963;
-0,6692173;-0,6692173;0,22836;0,22836;
-0,4336145;0;0;0,9010985;
-0,1586778;-0,1586778;0,6890728;0,6890728;
-0,7759364;0;0;0,6308112;
-0,3232985;0;0;-0,9462971;
0,4975982;-0,4975982;-0,5023904;0,5023904;
-0,66922;-0,66922;0,2283518;0,2283518;
-0,4336253;0;0;0,9010933;
-0,1592519;-0,1592519;0,6889404;0,6889404;
-0,7762575;0;0;0,630416;
-0,324529;0;0;-0,9458758;
0,4976163;-0,4976163;-0,5023724;0,5023724;
-0,6692173;-0,6692173;0,22836;0,22836;
-0,4335712;0;0;0,9011193;
-0,1598341;-0,1598341;0,6888055;0,6888055;
-0,7765672;0;0;0,6300345;
-0,3257758;0;0;-0,9454471;
0,4976163;-0,4976163;-0,5023724;0,5023724;
-0,6692132;-0,6692132;0,2283719;0,2283719;
-0,4335334;0;0;0,9011375;
-0,1607464;-0,1607464;0,6885932;0,6885932;
-0,7770693;0;0;0,6294151;
-0,327804;0;0;-0,9447458;
0,4976313;-0,4976313;-0,5023576;0,5023576;
-0,6691967;-0,6691967;0,2284202;0,2284202;
-0,4335063;0;0;0,9011505;
-0,1610766;-0,1610766;0,6885161;0,6885161;
-0,7772427;0;0;0,6292009;
-0,3285397;0;0;-0,9444902;
0,4976433;-0,4976433;-0,5023456;0,5023456;
-0,6692009;-0,6692009;0,228408;0,228408;
-0,4334523;0;0;0,9011765;
-0,1617615;-0,1617615;0,6883554;0,6883554;
-0,7776007;0;0;0,6287584;
-0,3300226;0;0;-0,943973;
0,4976433;-0,4976433;-0,5023456;0,5023456;
-0,6692022;-0,6692022;0,228404;0,228404;
-0,4334523;0;0;0,9011765;
-0,1624877;-0,1624877;0,6881844;0,6881844;
-0,7779623;0;0;0,628311;
-0,3315724;0;0;-0,9434298;
0,4976493;-0,4976493;-0,5023397;0,5023397;
-0,6691967;-0,6691967;0,2284202;0,2284202;
-0,4334145;0;0;0,9011947;
-0,1632631;-0,1632631;0,6880009;0,6880009;
-0,7783349;0;0;0,6278494;
-0,3331948;0;0;-0,9428581;
0,4976674;-0,4976674;-0,5023218;0,5023218;
-0,6691858;-0,6691858;0,2284521;0,2284521;
-0,4333551;0;0;0,9012232;
-0,164092;-0,164092;0,6878036;0,6878036;
-0,7787224;0;0;0,6273687;
-0,3349121;0;0;-0,9422494;
0,4976794;-0,4976794;-0,5023099;0,5023099;
-0,6691817;-0,6691817;0,2284641;0,2284641;
-0,4333173;0;0;0,9012415;
-0,165374;-0,165374;0,6874965;0,6874965;
-0,7793647;0;0;0,6265706;
-0,3375989;0;0;-0,94129;
0,4976974;-0,4976974;-0,502292;0,502292;
-0,6691735;-0,6691735;0,2284883;0,2284883;
-0,4332363;0;0;0,9012804;
-0,1666677;-0,1666677;0,687184;0,687184;
-0,7799765;0;0;0,6258088;
-0,3402776;0;0;-0,9403251;
0,4977216;-0,4977216;-0,5022681;0,5022681;
-0,6691666;-0,6691666;0,2285083;0,2285083;
-0,4331715;0;0;0,9013116;
-0,1679484;-0,1679484;0,6868722;0,6868722;
-0,7805763;0;0;0,6250605;
-0,3428742;0;0;-0,9393814;
0,4977185;-0,4977185;-0,5022711;0,5022711;
-0,6691598;-0,6691598;0,2285284;0,2285284;
-0,4331391;0;0;0,9013271;
-0,1687883;-0,1687883;0,6866663;0,6866663;
-0,7809618;0;0;0,6245788;
-0,3446135;0;0;-0,9387447;
0,4977577;-0,4977577;-0,5022323;0,5022323;
-0,6691542;-0,6691542;0,2285446;0,2285446;
-0,4330635;0;0;0,9013635;
-0,1700268;-0,1700268;0,6863606;0,6863606;
-0,7815453;0;0;0,6238484;
-0,3472345;0;0;-0,9377784;
0,4977728;-0,4977728;-0,5022174;0,5022174;
-0,6691474;-0,6691474;0,2285646;0,2285646;
-0,4330527;0;0;0,9013686;
-0,1708618;-0,1708618;0,6861532;0,6861532;
-0,7819004;0;0;0,6234034;
-0,3489648;0;0;-0,9371359;
0,4977849;-0,4977849;-0,5022054;0,5022054;
-0,6691406;-0,6691406;0,2285847;0,2285847;
-0,433004;0;0;0,901392;
-0,1717337;-0,1717337;0,6859356;0,6859356;
-0,7822515;0;0;0,6229628;
-0,3507782;0;0;-0,9364586;
0,4977879;-0,4977879;-0,5022025;0,5022025;
-0,6691392;-0,6691392;0,2285887;0,2285887;
-0,4329554;0;0;0,9014153;
-0,1726217;-0,1726217;0,6857126;0,6857126;
-0,7826098;0;0;0,6225126;
-0,3525626;0;0;-0,9357882;
0,4978179;-0,4978179;-0,5021726;0,5021726;
-0,6691282;-0,6691282;0,2286207;0,2286207;
-0,4329338;0;0;0,9014257;
-0,1730532;-0,1730532;0,6856039;0,6856039;
-0,782785;0;0;0,6222923;
-0,3534431;0;0;-0,9354561;
0,4978179;-0,4978179;-0,5021726;0,5021726;
-0,669131;-0,669131;0,2286126;0,2286126;
-0,4328798;0;0;0,9014516;
-0,1744089;-0,1744089;0,6852602;0,6852602;
-0,7833218;0;0;0,6216164;
-0,3560378;0;0;-0,9344715;
0,497842;-0,497842;-0,5021487;0,5021487;
-0,6691214;-0,6691214;0,2286408;0,2286408;
-0,432842;0;0;0,9014698;
-0,1748608;-0,1748608;0,685145;0,685145;
-0,7834929;0;0;0,6214008;
-0,3568946;0;0;-0,9341447;
0,4978541;-0,4978541;-0,5021367;0,5021367;
-0,6691159;-0,6691159;0,2286569;0,2286569;
-0,4327934;0;0;0,9014932;
-0,1762527;-0,1762527;0,6847883;0,6847883;
-0,7840327;0;0;0,6207196;
-0,3594296;0;0;-0,9331723;
0,4978571;-0,4978571;-0,5021338;0,5021338;
-0,6691159;-0,6691159;0,2286569;0,2286569;
-0,4327393;0;0;0,9015191;
-0,1771678;-0,1771678;0,6845521;0,6845521;
-0,7843785;0;0;0,6202825;
-0,361096;0;0;-0,9325287;
0,4978811;-0,4978811;-0,5021099;0,5021099;
-0,6691077;-0,6691077;0,2286809;0,2286809;
-0,4326852;0;0;0,9015451;
-0,1784518;-0,1784518;0,6842185;0,6842185;
-0,7848725;0;0;0,6196572;
-0,3636992;0;0;-0,9315164;
0,4979082;-0,4979082;-0,5020831;0,5020831;
-0,6690995;-0,6690995;0,228705;0,228705;
-0,4326095;0;0;0,9015814;
-0,1797394;-0,1797394;0,6838814;0,6838814;
-0,7853328;0;0;0,6190738;
-0,3663444;0;0;-0,9304794;
0,4979323;-0,4979323;-0,5020592;0,5020592;
-0,6690871;-0,6690871;0,2287412;0,2287412;
-0,4325663;0;0;0,9016021;
-0,1806288;-0,1806288;0,683647;0,683647;
-0,7856445;0;0;0,6186783;
-0,368067;0;0;-0,9297994;
0,4979352;-0,4979352;-0,5020562;0,5020562;
-0,6690926;-0,6690926;0,228725;0,228725;
-0,4325231;0;0;0,9016229;
-0,1819725;-0,1819725;0,6832906;0,6832906;
-0,7861077;0;0;0,6180896;
-0,370596;0;0;-0,9287943;
0,4979685;-0,4979685;-0,5020233;0,5020233;
-0,6690748;-0,6690748;0,2287772;0,2287772;
-0,4324637;0;0;0,9016514;
-0,1828938;-0,1828938;0,6830446;0,6830446;
-0,7864187;0;0;0,6176938;
-0,3722652;0;0;-0,9281265;
0,4979714;-0,4979714;-0,5020204;0,5020204;
-0,6690775;-0,6690775;0,2287693;0,2287693;
-0,432442;0;0;0,9016618;
-0,1838189;-0,1838189;0,6827962;0,6827962;
-0,7867184;0;0;0,617312;
-0,3739335;0;0;-0,9274555;
0,4979895;-0,4979895;-0,5020025;0,5020025;
-0,6690665;-0,6690665;0,2288014;0,2288014;
-0,4324042;0;0;0,9016799;
-0,1842977;-0,1842977;0,6826671;0,6826671;
-0,7868629;0;0;0,617128;
-0,3747729;0;0;-0,9271167;
0,4979955;-0,4979955;-0,5019966;0,5019966;
-0,669061;-0,669061;0,2288175;0,2288175;
-0,432361;0;0;0,9017006;
-0,1857539;-0,1857539;0,6822723;0,6822723;
-0,7873099;0;0;0,6165575;
-0,3772725;0;0;-0,9261023;
0,4980286;-0,4980286;-0,5019637;0,5019637;
-0,6690555;-0,6690555;0,2288335;0,2288335;
-0,4322908;0;0;0,9017343;
-0,1871686;-0,1871686;0,6818856;0,6818856;
-0,7877532;0;0;0,6159911;
-0,3798686;0;0;-0,9250404;
0,4980465;-0,4980465;-0,5019459;0,5019459;
-0,6690473;-0,6690473;0,2288576;0,2288576;
-0,4322854;0;0;0,9017369;
-0,187614;-0,187614;0,6817632;0,6817632;
-0,7878972;0;0;0,6158068;
-0,3806837;0;0;-0,9247053;
0,4980676;-0,4980676;-0,501925;0,501925;
-0,6690487;-0,6690487;0,2288536;0,2288536;
-0,4322691;0;0;0,9017447;
-0,1880676;-0,1880676;0,6816382;0,6816382;
-0,7880262;0;0;0,6156417;
-0,381548;0;0;-0,9243491;
0,4980587;-0,4980587;-0,5019339;0,5019339;
-0,669035;-0,669035;0,2288936;0,2288936;
-0,4321935;0;0;0,9017809;
-0,1894155;-0,1894155;0,6812649;0,6812649;
-0,7884356;0;0;0,6151174;
-0,3840897;0;0;-0,9232957;
0,4980917;-0,4980917;-0,5019011;0,5019011;
-0,6690295;-0,6690295;0,2289097;0,2289097;
-0,4321773;0;0;0,9017887;
-0,189885;-0,189885;0,6811342;0,6811342;
-0,7885646;0;0;0,614952;
-0,3849087;0;0;-0,9229547;
0,4980948;-0,4980948;-0,501898;0,501898;
-0,6690267;-0,6690267;0,2289175;0,2289175;
-0,4321233;0;0;0,9018146;
-0,1912523;-0,1912523;0,6807515;0,6807515;
-0,7889699;0;0;0,6144319;
-0,3873637;0;0;-0,9219269;
0,4981188;-0,4981188;-0,5018741;0,5018741;
-0,6690102;-0,6690102;0,2289658;0,2289658;
-0,4321125;0;0;0,9018197;
-0,1917174;-0,1917174;0,6806207;0,6806207;
-0,7890876;0;0;0,6142807;
-0,3881761;0;0;-0,9215853;
0,4981219;-0,4981219;-0,501871;0,501871;
-0,6690089;-0,6690089;0,2289698;0,2289698;
-0,4320422;0;0;0,9018534;
-0,1931531;-0,1931531;0,6802146;0,6802146;
-0,7894667;0;0;0,6137934;
-0,3906436;0;0;-0,9205421;
0,498158;-0,498158;-0,5018353;0,5018353;
-0,6689896;-0,6689896;0,2290261;0,2290261;
-0,4319935;0;0;0,9018767;
-0,1946122;-0,1946122;0,6797986;0,6797986;
-0,7898343;0;0;0,6133204;
-0,3931418;0;0;-0,9194778;
0,498167;-0,498167;-0,5018264;0,5018264;
-0,6689773;-0,6689773;0,2290622;0,2290622;
-0,4319611;0;0;0,9018922;
-0,1951091;-0,1951091;0,6796561;0,6796561;
-0,7899519;0;0;0,6131688;
-0,3939848;0;0;-0,919117;
0,498179;-0,498179;-0,5018144;0,5018144;
-0,668969;-0,668969;0,2290863;0,2290863;
-0,4319287;0;0;0,9019077;
-0,1960744;-0,1960744;0,6793783;0,6793783;
-0,790187;0;0;0,6128658;
-0,3956698;0;0;-0,9183929;
0,498179;-0,498179;-0,5018144;0,5018144;
-0,6689704;-0,6689704;0,2290822;0,2290822;
-0,4318801;0;0;0,901931;
-0,1975358;-0,1975358;0,6789548;0,6789548;
-0,7905102;0;0;0,6124489;
-0,3981953;0;0;-0,9173007;
0,4982151;-0,4982151;-0,5017785;0,5017785;
-0,6689553;-0,6689553;0,2291264;0,2291264;
-0,4318475;0;0;0,9019467;
-0,1985042;-0,1985042;0,6786723;0,6786723;
-0,790745;0;0;0,6121457;
-0,3997948;0;0;-0,9166046;
0,4982212;-0,4982212;-0,5017726;0,5017726;
-0,6689512;-0,6689512;0,2291385;0,2291385;
-0,4317935;0;0;0,9019725;
-0,199456;-0,199456;0,6783932;0,6783932;
-0,7909797;0;0;0,6118424;
-0,4013765;0;0;-0,9159132;
0,4982241;-0,4982241;-0,5017696;0,5017696;
-0,668947;-0,668947;0,2291503;0,2291503;
-0,4317124;0;0;0,9020113;
-0,200846;-0,200846;0,677983;0,677983;
-0,7912986;0;0;0,6114299;
-0,4038238;0;0;-0,9148368;
0,4982572;-0,4982572;-0,5017368;0,5017368;
-0,668936;-0,668936;0,2291826;0,2291826;
-0,431707;0;0;0,9020139;
-0,2013621;-0,2013621;0,6778299;0,6778299;
-0,7913974;0;0;0,611302;
-0,4046132;0;0;-0,914488;
0,4982632;-0,4982632;-0,5017307;0,5017307;
-0,6689292;-0,6689292;0,2292025;0,2292025;
-0,4316691;0;0;0,902032;
-0,2023574;-0,2023574;0,6775334;0,6775334;
-0,7916062;0;0;0,6110315;
-0,4062131;0;0;-0,9137783;
0,4982902;-0,4982902;-0,501704;0,501704;
-0,6689292;-0,6689292;0,2292025;0,2292025;
-0,4316475;0;0;0,9020424;
-0,2033277;-0,2033277;0,6772429;0,6772429;
-0,791804;0;0;0,6107754;
-0,4078446;0;0;-0,9130513;
0,4983113;-0,4983113;-0,501683;0,501683;
-0,6689264;-0,6689264;0,2292105;0,2292105;
-0,431588;0;0;0,9020708;
-0,2043179;-0,2043179;0,6769448;0,6769448;
-0,7919942;0;0;0,6105286;
-0,4094859;0;0;-0,9123165;
0,4983444;-0,4983444;-0,5016502;0,5016502;
-0,6689154;-0,6689154;0,2292427;0,2292427;
-0,4315394;0;0;0,9020941;
-0,2057903;-0,2057903;0,6764986;0,6764986;
-0,7922686;0;0;0,6101725;
-0,4119455;0;0;-0,9112085;
0,4983924;-0,4983924;-0,5016025;0,5016025;
-0,6689044;-0,6689044;0,2292747;0,2292747;
-0,4315124;0;0;0,902107;
-0,2063009;-0,2063009;0,6763431;0,6763431;
-0,7923674;0;0;0,6100442;
-0,412721;0;0;-0,9108576;
0,4983955;-0,4983955;-0,5015994;0,5015994;
-0,668903;-0,668903;0,2292789;0,2292789;
-0,4314421;0;0;0,9021406;
-0,2078086;-0,2078086;0,6758814;0,6758814;
-0,7926269;0;0;0,6097071;
-0,4150674;0;0;-0,9097907;
0,4984497;-0,4984497;-0,5015455;0,5015455;
-0,6688961;-0,6688961;0,2292989;0,2292989;
-0,4314367;0;0;0,9021432;
-0,2082946;-0,2082946;0,6757317;0,6757317;
-0,7927181;0;0;0,6095884;
-0,4158524;0;0;-0,9094322;
0,4984557;-0,4984557;-0,5015396;0,5015396;
-0,6688824;-0,6688824;0,229339;0,229339;
-0,4313772;0;0;0,9021717;
-0,2097522;-0,2097522;0,6752807;0,6752807;
-0,7929482;0;0;0,609289;
-0,4182114;0;0;-0,9083498;
0,4984887;-0,4984887;-0,5015068;0,5015068;
-0,668881;-0,668881;0,229343;0,229343;
-0,4313556;0;0;0,902182;
-0,2102619;-0,2102619;0,6751222;0,6751222;
-0,7930249;0;0;0,6091892;
-0,4189463;0;0;-0,9080111;
0,4984857;-0,4984857;-0,5015097;0,5015097;
-0,6688728;-0,6688728;0,229367;0,229367;
-0,4312961;0;0;0,9022104;
-0,2117587;-0,2117587;0,6746542;0,6746542;
-0,7932658;0;0;0,6088756;
-0,4213723;0;0;-0,9068878;
0,4984948;-0,4984948;-0,5015007;0,5015007;
-0,6688645;-0,6688645;0,2293912;0,2293912;
-0,4312961;0;0;0,9022104;
-0,2122399;-0,2122399;0,674503;0,674503;
-0,7933461;0;0;0,6087709;
-0,4221441;0;0;-0,9065288;
0,4985008;-0,4985008;-0,5014948;0,5014948;
-0,6688577;-0,6688577;0,2294111;0,2294111;
-0,4312151;0;0;0,9022492;
-0,2136988;-0,2136988;0,6740422;0,6740422;
-0,7935539;0;0;0,6084999;
-0,4245716;0;0;-0,9053943;
0,4985008;-0,4985008;-0,5014948;0,5014948;
-0,6688494;-0,6688494;0,2294351;0,2294351;
-0,4311988;0;0;0,9022569;
-0,2147125;-0,2147125;0,6737199;0,6737199;
-0,7936779;0;0;0,6083382;
-0,4261395;0;0;-0,9046575;
0,4985248;-0,4985248;-0,5014709;0,5014709;
-0,6688384;-0,6688384;0,2294672;0,2294672;
-0,4311556;0;0;0,9022776;
-0,2157419;-0,2157419;0,673391;0,673391;
-0,7938202;0;0;0,6081525;
-0,4276737;0;0;-0,9039332;
0,4985278;-0,4985278;-0,5014679;0,5014679;
-0,6688356;-0,6688356;0,2294752;0,2294752;
-0,4310745;0;0;0,9023164;
-0,2172671;-0,2172671;0,6729005;0,6729005;
-0,7940278;0;0;0,6078815;
-0,4299316;0;0;-0,9028615;
0,4985337;-0,4985337;-0,501462;0,501462;
-0,6688219;-0,6688219;0,2295156;0,2295156;
-0,4310257;0;0;0,9023397;
-0,2183032;-0,2183032;0,672565;0,672565;
-0,7941517;0;0;0,6077196;
-0,4315062;0;0;-0,90211;
0,4985639;-0,4985639;-0,501432;0,501432;
-0,6688054;-0,6688054;0,2295636;0,2295636;
-0,4310149;0;0;0,9023449;
-0,2188231;-0,2188231;0,6723961;0,6723961;
-0,7942098;0;0;0,6076437;
-0,4322412;0;0;-0,9017581;
0,4985579;-0,4985579;-0,5014379;0,5014379;
-0,6688081;-0,6688081;0,2295555;0,2295555;
-0,4309445;0;0;0,9023784;
-0,2203581;-0,2203581;0,6718946;0,6718946;
-0,7943993;0;0;0,6073959;
-0,4345209;0;0;-0,9006617;
0,4985548;-0,4985548;-0,5014411;0,5014411;
-0,6687957;-0,6687957;0,2295917;0,2295917;
-0,4309337;0;0;0,9023836;
-0,2208573;-0,2208573;0,6717306;0,6717306;
-0,7944574;0;0;0,6073199;
-0,4352929;0;0;-0,9002889;
0,4985728;-0,4985728;-0,5014231;0,5014231;
-0,6687888;-0,6687888;0,2296117;0,2296117;
-0,4308742;0;0;0,902412;
-0,2223423;-0,2223423;0,6712406;0,6712406;
-0,7946103;0;0;0,6071198;
-0,4376391;0;0;-0,8991508;
0,4985879;-0,4985879;-0,5014081;0,5014081;
-0,6687888;-0,6687888;0,2296117;0,2296117;
-0,4308634;0;0;0,9024171;
-0,2228411;-0,2228411;0,6710752;0,6710752;
-0,7946613;0;0;0,6070531;
-0,4384203;0;0;-0,8987702;
0,4985849;-0,4985849;-0,5014111;0,5014111;
-0,6687833;-0,6687833;0,2296278;0,2296278;
-0,4308256;0;0;0,9024352;
-0,224369;-0,224369;0,6705658;0,6705658;
-0,7948104;0;0;0,6068579;
-0,4405903;0;0;-0,8977084;
0,498615;-0,498615;-0,5013813;0,5013813;
-0,668775;-0,668775;0,2296518;0,2296518;
-0,4307877;0;0;0,9024533;
-0,2248872;-0,2248872;0,6703922;0,6703922;
-0,7948649;0;0;0,6067865;
-0,4414349;0;0;-0,8972933;
0,498612;-0,498612;-0,5013843;0,5013843;
-0,6687695;-0,6687695;0,2296678;0,2296678;
-0,4307229;0;0;0,9024843;
-0,2264336;-0,2264336;0,6698715;0,6698715;
-0,7949886;0;0;0,6066244;
-0,4436446;0;0;-0,8962029;
0,4986449;-0,4986449;-0,5013515;0,5013515;
-0,6687599;-0,6687599;0,2296959;0,2296959;
-0,4306958;0;0;0,9024972;
-0,2269514;-0,2269514;0,6696963;0,6696963;
-0,7950357;0;0;0,6065627;
-0,4443692;0;0;-0,8958438;
0,4986449;-0,4986449;-0,5013515;0,5013515;
-0,6687585;-0,6687585;0,2296999;0,2296999;
-0,4306417;0;0;0,902523;
-0,2285484;-0,2285484;0,669153;0,669153;
-0,7951595;0;0;0,6064004;
-0,4465966;0;0;-0,8947355;
0,498654;-0,498654;-0,5013424;0,5013424;
-0,6687448;-0,6687448;0,22974;0,22974;
-0,4305714;0;0;0,9025565;
-0,2301037;-0,2301037;0,6686197;0,6686197;
-0,7952756;0;0;0,6062481;
-0,4488103;0;0;-0,8936271;
0,498681;-0,498681;-0,5013155;0,5013155;
-0,6687393;-0,6687393;0,229756;0,229756;
-0,4305065;0;0;0,9025875;
-0,2316699;-0,2316699;0,6680787;0,6680787;
-0,7953665;0;0;0,6061289;
-0,4510908;0;0;-0,892478;
0,498687;-0,498687;-0,5013096;0,5013096;
-0,6687351;-0,6687351;0,2297682;0,2297682;
-0,4304903;0;0;0,9025952;
-0,2326865;-0,2326865;0,6677253;0,6677253;
-0,7954209;0;0;0,6060573;
-0,452583;0;0;-0,8917223;
0,4987172;-0,4987172;-0,5012796;0,5012796;
-0,6687186;-0,6687186;0,2298163;0,2298163;
-0,4304308;0;0;0,9026236;
-0,2337108;-0,2337108;0,6673674;0,6673674;
-0,7954791;0;0;0,6059811;
-0,4540682;0;0;-0,8909669;
0,498708;-0,498708;-0,5012887;0,5012887;
-0,6687199;-0,6687199;0,2298122;0,2298122;
-0,4303713;0;0;0,902652;
-0,2352501;-0,2352501;0,6668264;0,6668264;
-0,7955371;0;0;0,6059049;
-0,4562568;0;0;-0,8898482;
0,4987473;-0,4987473;-0,5012497;0,5012497;
-0,668702;-0,668702;0,2298645;0,2298645;
-0,4303443;0;0;0,9026648;
-0,236293;-0,236293;0,6664575;0,6664575;
-0,7955734;0;0;0,6058573;
-0,4576806;0;0;-0,8891168;
0,4987622;-0,4987622;-0,5012348;0,5012348;
-0,6686993;-0,6686993;0,2298725;0,2298725;
-0,4302685;0;0;0,902701;
-0,2378939;-0,2378939;0,6658878;0,6658878;
-0,7956352;0;0;0,6057761;
-0,459827;0;0;-0,8880086;
0,4987832;-0,4987832;-0,5012138;0,5012138;
-0,6686841;-0,6686841;0,2299165;0,2299165;
-0,4302143;0;0;0,9027268;
-0,2394896;-0,2394896;0,6653156;0,6653156;
-0,7956496;0;0;0,6057572;
-0,4620188;0;0;-0,8868702;
0,4988073;-0,4988073;-0,5011899;0,5011899;
-0,6686634;-0,6686634;0,2299766;0,2299766;
-0,4301926;0;0;0,9027371;
-0,2405777;-0,2405777;0,6649228;0,6649228;
-0,7956642;0;0;0,605738;
-0,4634643;0;0;-0,8861157;
0,4988253;-0,4988253;-0,501172;0,501172;
-0,6686648;-0,6686648;0,2299726;0,2299726;
-0,4301439;0;0;0,9027603;
-0,2416294;-0,2416294;0,6645414;0,6645414;
-0,7956932;0;0;0,6056998;
-0,464903;0;0;-0,8853617;
0,4988403;-0,4988403;-0,501157;0,501157;
-0,6686496;-0,6686496;0,2300168;0,2300168;
-0,4300899;0;0;0,9027861;
-0,2431821;-0,2431821;0,6639748;0,6639748;
-0,7956859;0;0;0,6057094;
-0,4670937;0;0;-0,8842079;
0,4988614;-0,4988614;-0,5011361;0,5011361;
-0,6686289;-0,6686289;0,2300769;0,2300769;
-0,4300303;0;0;0,9028144;
-0,2447611;-0,2447611;0,6633943;0,6633943;
-0,7956896;0;0;0,6057045;
-0,469202;0;0;-0,883091;
0,4988974;-0,4988974;-0,5011002;0,5011002;
-0,6686151;-0,6686151;0,2301171;0,2301171;
-0,4299925;0;0;0,9028324;
-0,2452661;-0,2452661;0,6632078;0,6632078;
-0,7956896;0;0;0,6057045;
-0,4699059;0;0;-0,8827166;
0,4989003;-0,4989003;-0,5010973;0,5010973;
-0,6686123;-0,6686123;0,2301252;0,2301252;
-0,4299708;0;0;0,9028428;
-0,246319;-0,246319;0,6628174;0,6628174;
-0,7956896;0;0;0,6057045;
-0,471281;0;0;-0,881983;
0,4989304;-0,4989304;-0,5010673;0,5010673;
-0,6686026;-0,6686026;0,2301532;0,2301532;
-0,4299384;0;0;0,9028583;
-0,2468472;-0,2468472;0,6626209;0,6626209;
-0,7956932;0;0;0,6056998;
-0,4719523;0;0;-0,8816241;
0,4989334;-0,4989334;-0,5010644;0,5010644;
-0,6685959;-0,6685959;0,2301731;0,2301731;
-0,4298787;0;0;0,9028867;
-0,2484547;-0,2484547;0,6620198;0,6620198;
-0,7956896;0;0;0,6057045;
-0,4740278;0;0;-0,8805099;
0,4989695;-0,4989695;-0,5010284;0,5010284;
-0,6685889;-0,6685889;0,2301933;0,2301933;
-0,4298192;0;0;0,902915;
-0,2501005;-0,2501005;0,6613998;0,6613998;
-0,7956715;0;0;0,6057284;
-0,4761169;0;0;-0,8793821;
0,4989934;-0,4989934;-0,5010045;0,5010045;
-0,6685765;-0,6685765;0,2302294;0,2302294;
-0,4298083;0;0;0,9029201;
-0,2506317;-0,2506317;0,6611987;0,6611987;
-0,7956606;0;0;0,6057428;
-0,476802;0;0;-0,8790108;
0,4990025;-0,4990025;-0,5009956;0,5009956;
-0,6685751;-0,6685751;0,2302332;0,2302332;
-0,4297543;0;0;0,9029459;
-0,2516735;-0,2516735;0,6608028;0,6608028;
-0,7956388;0;0;0,6057714;
-0,4782504;0;0;-0,8782235;
0,4990175;-0,4990175;-0,5009806;0,5009806;
-0,6685627;-0,6685627;0,2302694;0,2302694;
-0,4297434;0;0;0,9029511;
-0,2527147;-0,2527147;0,6604055;0,6604055;
-0,7955989;0;0;0,6058237;
-0,4796977;0;0;-0,8774339;
0,4990385;-0,4990385;-0,5009597;0,5009597;
-0,6685599;-0,6685599;0,2302775;0,2302775;
-0,429738;0;0;0,9029536;
-0,2537236;-0,2537236;0,6600184;0,6600184;
-0,7955624;0;0;0,6058717;
-0,4810806;0;0;-0,8766764;
0,4990385;-0,4990385;-0,5009597;0,5009597;
-0,6685544;-0,6685544;0,2302933;0,2302933;
-0,4296677;0;0;0,9029871;
-0,2552379;-0,2552379;0,6594344;0,6594344;
-0,7955008;0;0;0,6059525;
-0,4831497;0;0;-0,8755378;
0,4990715;-0,4990715;-0,5009269;0,5009269;
-0,6685447;-0,6685447;0,2303216;0,2303216;
-0,4296298;0;0;0,9030051;
-0,2561347;-0,2561347;0,6590865;0,6590865;
-0,7954464;0;0;0,606024;
-0,4842411;0;0;-0,8749346;
0,4990625;-0,4990625;-0,5009358;0,5009358;
-0,6685351;-0,6685351;0,2303495;0,2303495;
-0,4296244;0;0;0,9030077;
-0,2564626;-0,2564626;0,658959;0,658959;
-0,7954391;0;0;0,6060335;
-0,4846449;0;0;-0,8747111;
0,4990745;-0,4990745;-0,5009239;0,5009239;
-0,6685378;-0,6685378;0,2303416;0,2303416;
-0,4295757;0;0;0,9030309;
-0,2571456;-0,2571456;0,6586928;0,6586928;
-0,7954101;0;0;0,6060716;
-0,4854995;0;0;-0,874237;
0,4990835;-0,4990835;-0,5009148;0,5009148;
-0,6685364;-0,6685364;0,2303456;0,2303456;
-0,4296136;0;0;0,9030129;
-0,257268;-0,257268;0,658645;0,658645;
-0,7954173;0;0;0,6060621;
-0,4856566;0;0;-0,8741497;
0,4990775;-0,4990775;-0,5009208;0,5009208;
-0,6685392;-0,6685392;0,2303376;0,2303376;
-0,4296352;0;0;0,9030026;
-0,2572404;-0,2572404;0,6586558;0,6586558;
-0,7954246;0;0;0,6060526;
-0,4855676;0;0;-0,8741991;
0,4990775;-0,4990775;-0,5009208;0,5009208;
-0,6685323;-0,6685323;0,2303576;0,2303576;
-0,4296244;0;0;0,9030077;
-0,2572325;-0,2572325;0,6586589;0,6586589;
-0,7954173;0;0;0,6060621;
-0,4854839;0;0;-0,8742457;
0,4990775;-0,4990775;-0,5009208;0,5009208;
-0,6685351;-0,6685351;0,2303495;0,2303495;
-0,4296244;0;0;0,9030077;
-0,2572364;-0,2572364;0,6586573;0,6586573;
-0,7954209;0;0;0,6060573;
-0,4855047;0;0;-0,8742341;
0,4990685;-0,4990685;-0,5009298;0,5009298;
-0,6685378;-0,6685378;0,2303416;0,2303416;
-0,4296082;0;0;0,9030154;
-0,2572364;-0,2572364;0,6586573;0,6586573;
-0,7954209;0;0;0,6060573;
-0,4854417;0;0;-0,8742691;
0,4990745;-0,4990745;-0,5009239;0,5009239;
-0,6685378;-0,6685378;0,2303416;0,2303416;
-0,4295811;0;0;0,9030283;
-0,2572207;-0,2572207;0,6586635;0,6586635;
-0,7954173;0;0;0,6060621;
-0,4853998;0;0;-0,8742924;
0,4990805;-0,4990805;-0,5009179;0,5009179;
-0,6685364;-0,6685364;0,2303456;0,2303456;
-0,4295703;0;0;0,9030334;
-0,2572088;-0,2572088;0,6586681;0,6586681;
-0,7954101;0;0;0,6060716;
-0,4853892;0;0;-0,8742983;
0,4990745;-0,4990745;-0,5009239;0,5009239;
-0,6685364;-0,6685364;0,2303456;0,2303456;
-0,4295919;0;0;0,9030231;
-0,2572088;-0,2572088;0,6586681;0,6586681;
-0,7954173;0;0;0,6060621;
-0,485384;0;0;-0,8743011;
0,4990775;-0,4990775;-0,5009208;0,5009208;
-0,6685364;-0,6685364;0,2303456;0,2303456;
-0,4296027;0;0;0,903018;
-0,2572601;-0,2572601;0,6586481;0,6586481;
-0,7954209;0;0;0,6060573;
-0,4853106;0;0;-0,8743418;
0,4990625;-0,4990625;-0,5009358;0,5009358;
-0,6685336;-0,6685336;0,2303536;0,2303536;
-0,4295973;0;0;0,9030206;
-0,2572523;-0,2572523;0,6586511;0,6586511;
-0,7954137;0;0;0,6060669;
-0,485316;0;0;-0,8743389;
0,4990745;-0,4990745;-0,5009239;0,5009239;
-0,6685378;-0,6685378;0,2303416;0,2303416;
-0,429619;0;0;0,9030103;
-0,2572523;-0,2572523;0,6586511;0,6586511;
-0,7953991;0;0;0,606086;
-0,4853106;0;0;-0,8743418;
0,4990715;-0,4990715;-0,5009269;0,5009269;
-0,6685364;-0,6685364;0,2303456;0,2303456;
-0,4295919;0;0;0,9030231;
-0,2572562;-0,2572562;0,6586496;0,6586496;
-0,7954209;0;0;0,6060573;
-0,485295;0;0;-0,8743504;
0,4990805;-0,4990805;-0,5009179;0,5009179;
-0,6685351;-0,6685351;0,2303495;0,2303495;
-0,4295919;0;0;0,9030231;
-0,2572562;-0,2572562;0,6586496;0,6586496;
-0,7954173;0;0;0,6060621;
-0,4853106;0;0;-0,8743418;
0,4990685;-0,4990685;-0,5009298;0,5009298;
-0,6685378;-0,6685378;0,2303416;0,2303416;
-0,4296136;0;0;0,9030129;
-0,2572285;-0,2572285;0,6586604;0,6586604;
-0,7954173;0;0;0,6060621;
-0,4853054;0;0;-0,8743448;
0,4990805;-0,4990805;-0,5009179;0,5009179;
-0,6685378;-0,6685378;0,2303416;0,2303416;
-0,4295973;0;0;0,9030206;
-0,2572207;-0,2572207;0,6586635;0,6586635;
-0,7954173;0;0;0,6060621;
-0,4853054;0;0;-0,8743448;
0,4990835;-0,4990835;-0,5009148;0,5009148;
-0,6685378;-0,6685378;0,2303416;0,2303416;
-0,4296027;0;0;0,903018;
-0,2572562;-0,2572562;0,6586496;0,6586496;
-0,7954173;0;0;0,6060621;
-0,4853106;0;0;-0,8743418;
0,4990775;-0,4990775;-0,5009208;0,5009208;
-0,6685351;-0,6685351;0,2303495;0,2303495;
-0,4295811;0;0;0,9030283;
-0,257268;-0,257268;0,658645;0,658645;
-0,7954137;0;0;0,6060669;
-0,485316;0;0;-0,8743389;
0,4990805;-0,4990805;-0,5009179;0,5009179;
-0,6685351;-0,6685351;0,2303495;0,2303495;
-0,4295973;0;0;0,9030206;
-0,2572758;-0,2572758;0,6586419;0,6586419;
-0,7954209;0;0;0,6060573;
-0,4853001;0;0;-0,8743477;
0,4990775;-0,4990775;-0,5009208;0,5009208;
-0,6685392;-0,6685392;0,2303376;0,2303376;
-0,4295973;0;0;0,9030206;
-0,257264;-0,257264;0,6586465;0,6586465;
-0,7954173;0;0;0,6060621;
-0,4853001;0;0;-0,8743477;
0,4990865;-0,4990865;-0,5009118;0,5009118;
-0,6685378;-0,6685378;0,2303416;0,2303416;
-0,4296027;0;0;0,903018;
-0,257264;-0,257264;0,6586465;0,6586465;
-0,7954137;0;0;0,6060669;
-0,485316;0;0;-0,8743389;
0,4990865;-0,4990865;-0,5009118;0,5009118;
-0,6685378;-0,6685378;0,2303416;0,2303416;
-0,4295811;0;0;0,9030283;
-0,257268;-0,257268;0,658645;0,658645;
-0,7954173;0;0;0,6060621;
-0,485295;0;0;-0,8743504;
0,4991046;-0,4991046;-0,5008938;0,5008938;
-0,6685336;-0,6685336;0,2303536;0,2303536;
-0,4295865;0;0;0,9030257;
-0,2572443;-0,2572443;0,6586543;0,6586543;
-0,7954209;0;0;0,6060573;
-0,4853001;0;0;-0,8743477;
0,4991016;-0,4991016;-0,5008969;0,5008969;
-0,6685336;-0,6685336;0,2303536;0,2303536;
-0,4295865;0;0;0,9030257;
-0,2572601;-0,2572601;0,6586481;0,6586481;
-0,7954065;0;0;0,6060764;
-0,4853001;0;0;-0,8743477;
0,4991075;-0,4991075;-0,5008909;0,5008909;
-0,6685309;-0,6685309;0,2303616;0,2303616;
-0,4295865;0;0;0,9030257;
-0,2572523;-0,2572523;0,6586511;0,6586511;
-0,7954173;0;0;0,6060621;
-0,4852897;0;0;-0,8743533;
0,4990986;-0,4990986;-0,5008998;0,5008998;
-0,6685281;-0,6685281;0,2303697;0,2303697;
-0,4295973;0;0;0,9030206;
-0,257264;-0,257264;0,6586465;0,6586465;
-0,7954173;0;0;0,6060621;
-0,4853106;0;0;-0,8743418;
0,4991166;-0,4991166;-0,5008819;0,5008819;
-0,6685226;-0,6685226;0,2303858;0,2303858;
-0,4295919;0;0;0,9030231;
-0,257264;-0,257264;0,6586465;0,6586465;
-0,7954209;0;0;0,6060573;
-0,4853106;0;0;-0,8743418;
0,4991046;-0,4991046;-0,5008938;0,5008938;
-0,6685199;-0,6685199;0,2303937;0,2303937;
-0,4295811;0;0;0,9030283;
-0,2572838;-0,2572838;0,6586388;0,6586388;
-0,7954137;0;0;0,6060669;
-0,4853318;0;0;-0,8743301;
0,4991137;-0,4991137;-0,5008848;0,5008848;
-0,668524;-0,668524;0,2303817;0,2303817;
-0,4295865;0;0;0,9030257;
-0,257268;-0,257268;0,658645;0,658645;
-0,7954209;0;0;0,6060573;
-0,4852897;0;0;-0,8743533;
0,4991137;-0,4991137;-0,5008848;0,5008848;
-0,6685226;-0,6685226;0,2303858;0,2303858;
-0,4295757;0;0;0,9030309;
-0,2572719;-0,2572719;0,6586435;0,6586435;
-0,7954137;0;0;0,6060669;
-0,4853054;0;0;-0,8743448;
0,4991166;-0,4991166;-0,5008819;0,5008819;
-0,6685226;-0,6685226;0,2303858;0,2303858;
-0,4295865;0;0;0,9030257;
-0,257264;-0,257264;0,6586465;0,6586465;
-0,7954209;0;0;0,6060573;
-0,4852846;0;0;-0,8743563;
0,4991195;-0,4991195;-0,5008789;0,5008789;
-0,668524;-0,668524;0,2303817;0,2303817;
-0,4296027;0;0;0,903018;
-0,257264;-0,257264;0,6586465;0,6586465;
-0,7954173;0;0;0,6060621;
-0,4853264;0;0;-0,8743331;
0,4991226;-0,4991226;-0,5008759;0,5008759;
-0,6685212;-0,6685212;0,2303898;0,2303898;
-0,4295973;0;0;0,9030206;
-0,2572601;-0,2572601;0,6586481;0,6586481;
-0,7954173;0;0;0,6060621;
-0,4853054;0;0;-0,8743448;
0,4991166;-0,4991166;-0,5008819;0,5008819;
-0,6685226;-0,6685226;0,2303858;0,2303858;
-0,4296082;0;0;0,9030154;
-0,257268;-0,257268;0,658645;0,658645;
-0,7954173;0;0;0,6060621;
-0,4853001;0;0;-0,8743477;
0,4991137;-0,4991137;-0,5008848;0,5008848;
-0,668524;-0,668524;0,2303817;0,2303817;
-0,4296136;0;0;0,9030129;
-0,2572719;-0,2572719;0,6586435;0,6586435;
-0,7954173;0;0;0,6060621;
-0,4852897;0;0;-0,8743533;
0,4991286;-0,4991286;-0,50087;0,50087;
-0,6685212;-0,6685212;0,2303898;0,2303898;
-0,4295757;0;0;0,9030309;
-0,2572758;-0,2572758;0,6586419;0,6586419;
-0,7954173;0;0;0,6060621;
-0,485295;0;0;-0,8743504;
0,4991315;-0,4991315;-0,5008669;0,5008669;
-0,6685226;-0,6685226;0,2303858;0,2303858;
-0,4296136;0;0;0,9030129;
-0,2572601;-0,2572601;0,6586481;0,6586481;
-0,7954209;0;0;0,6060573;
-0,4852846;0;0;-0,8743563;
0,4991256;-0,4991256;-0,5008729;0,5008729;
-0,6685267;-0,6685267;0,2303738;0,2303738;
-0,4295811;0;0;0,9030283;
-0,2572838;-0,2572838;0,6586388;0,6586388;
-0,7954173;0;0;0,6060621;
-0,4852897;0;0;-0,8743533;
0,4991286;-0,4991286;-0,50087;0,50087;
-0,668524;-0,668524;0,2303817;0,2303817;
-0,4295919;0;0;0,9030231;
-0,2572719;-0,2572719;0,6586435;0,6586435;
-0,7954101;0;0;0,6060716;
-0,4852897;0;0;-0,8743533;
0,4991256;-0,4991256;-0,5008729;0,5008729;
-0,668524;-0,668524;0,2303817;0,2303817;
-0,4295811;0;0;0,9030283;
-0,2572719;-0,2572719;0,6586435;0,6586435;
-0,7954209;0;0;0,6060573;
-0,485295;0;0;-0,8743504;
0,4991286;-0,4991286;-0,50087;0,50087;
-0,6685212;-0,6685212;0,2303898;0,2303898;
-0,4295973;0;0;0,9030206;
-0,2572799;-0,2572799;0,6586403;0,6586403;
-0,7954173;0;0;0,6060621;
-0,4853213;0;0;-0,874336;
0,4991315;-0,4991315;-0,5008669;0,5008669;
-0,6685212;-0,6685212;0,2303898;0,2303898;
-0,4295703;0;0;0,9030334;
-0,257268;-0,257268;0,658645;0,658645;
-0,7954173;0;0;0,6060621;
-0,485295;0;0;-0,8743504;
0,4991315;-0,4991315;-0,5008669;0,5008669;
-0,6685226;-0,6685226;0,2303858;0,2303858;
-0,4295973;0;0;0,9030206;
-0,257268;-0,257268;0,658645;0,658645;
-0,7954173;0;0;0,6060621;
-0,4853054;0;0;-0,8743448;
0,4991286;-0,4991286;-0,50087;0,50087;
-0,6685185;-0,6685185;0,2303977;0,2303977;
-0,4295973;0;0;0,9030206;
-0,2572758;-0,2572758;0,6586419;0,6586419;
-0,7954173;0;0;0,6060621;
-0,485295;0;0;-0,8743504;
0,4991286;-0,4991286;-0,50087;0,50087;
-0,6685226;-0,6685226;0,2303858;0,2303858;
-0,4295973;0;0;0,9030206;
-0,2572758;-0,2572758;0,6586419;0,6586419;
-0,7954209;0;0;0,6060573;
-0,485316;0;0;-0,8743389;
0,4991286;-0,4991286;-0,50087;0,50087;
-0,6685212;-0,6685212;0,2303898;0,2303898;
-0,4295973;0;0;0,9030206;
-0,2572838;-0,2572838;0,6586388;0,6586388;
-0,7954173;0;0;0,6060621;
-0,4852897;0;0;-0,8743533;
0,4991256;-0,4991256;-0,5008729;0,5008729;
-0,6685226;-0,6685226;0,2303858;0,2303858;
-0,4296027;0;0;0,903018;
-0,2572838;-0,2572838;0,6586388;0,6586388;
-0,7954137;0;0;0,6060669;
-0,4853001;0;0;-0,8743477;
0,4991315;-0,4991315;-0,5008669;0,5008669;
-0,668524;-0,668524;0,2303817;0,2303817;
-0,4295919;0;0;0,9030231;
-0,257268;-0,257268;0,658645;0,658645;
-0,7954137;0;0;0,6060669;
-0,4853001;0;0;-0,8743477;
0,4991315;-0,4991315;-0,5008669;0,5008669;
-0,6685185;-0,6685185;0,2303977;0,2303977;
-0,4296027;0;0;0,903018;
-0,257268;-0,257268;0,658645;0,658645;
-0,7954173;0;0;0,6060621;
-0,485295;0;0;-0,8743504;
0,4991286;-0,4991286;-0,50087;0,50087;
-0,6685226;-0,6685226;0,2303858;0,2303858;
-0,4295973;0;0;0,9030206;
-0,257268;-0,257268;0,658645;0,658645;
-0,7954173;0;0;0,6060621;
-0,4852846;0;0;-0,8743563;
0,4991377;-0,4991377;-0,5008609;0,5008609;
-0,6685212;-0,6685212;0,2303898;0,2303898;
-0,4295919;0;0;0,9030231;
-0,2572719;-0,2572719;0,6586435;0,6586435;
-0,7954137;0;0;0,6060669;
-0,485295;0;0;-0,8743504;
0,4991226;-0,4991226;-0,5008759;0,5008759;
-0,6685226;-0,6685226;0,2303858;0,2303858;
-0,4295865;0;0;0,9030257;
-0,257268;-0,257268;0,658645;0,658645;
-0,7954101;0;0;0,6060716;
-0,4852897;0;0;-0,8743533;
0,4991226;-0,4991226;-0,5008759;0,5008759;
-0,6685212;-0,6685212;0,2303898;0,2303898;
-0,4296082;0;0;0,9030154;
-0,2572799;-0,2572799;0,6586403;0,6586403;
-0,7954173;0;0;0,6060621;
-0,4853054;0;0;-0,8743448;
0,4991315;-0,4991315;-0,5008669;0,5008669;
-0,6685185;-0,6685185;0,2303977;0,2303977;
-0,4295919;0;0;0,9030231;
-0,257268;-0,257268;0,658645;0,658645;
-0,7954173;0;0;0,6060621;
-0,485295;0;0;-0,8743504;
0,4991256;-0,4991256;-0,5008729;0,5008729;
-0,6685212;-0,6685212;0,2303898;0,2303898;
-0,4295919;0;0;0,9030231;
-0,2572719;-0,2572719;0,6586435;0,6586435;
-0,7954065;0;0;0,6060764;
-0,4852794;0;0;-0,8743593;
0,4991377;-0,4991377;-0,5008609;0,5008609;
-0,668524;-0,668524;0,2303817;0,2303817;
-0,4295811;0;0;0,9030283;
-0,2572838;-0,2572838;0,6586388;0,6586388;
-0,7954209;0;0;0,6060573;
-0,4852794;0;0;-0,8743593;
0,4991377;-0,4991377;-0,5008609;0,5008609;
-0,6685212;-0,6685212;0,2303898;0,2303898;
-0,4295973;0;0;0,9030206;
-0,2572838;-0,2572838;0,6586388;0,6586388;
-0,7954282;0;0;0,6060479;
-0,4852846;0;0;-0,8743563;
0,4991195;-0,4991195;-0,5008789;0,5008789;
-0,6685212;-0,6685212;0,2303898;0,2303898;
-0,4295811;0;0;0,9030283;
-0,2572719;-0,2572719;0,6586435;0,6586435;
-0,7954101;0;0;0,6060716;
-0,485295;0;0;-0,8743504;
0,4991195;-0,4991195;-0,5008789;0,5008789;
-0,6685212;-0,6685212;0,2303898;0,2303898;
-0,4295973;0;0;0,9030206;
-0,2572838;-0,2572838;0,6586388;0,6586388;
-0,7954246;0;0;0,6060526;
-0,4853054;0;0;-0,8743448;
0,4991195;-0,4991195;-0,5008789;0,5008789;
-0,6685185;-0,6685185;0,2303977;0,2303977;
-0,4295973;0;0;0,9030206;
-0,2572758;-0,2572758;0,6586419;0,6586419;
-0,7954137;0;0;0,6060669;
-0,485295;0;0;-0,8743504;
0,4991166;-0,4991166;-0,5008819;0,5008819;
-0,668524;-0,668524;0,2303817;0,2303817;
-0,4295919;0;0;0,9030231;
-0,2572799;-0,2572799;0,6586403;0,6586403;
-0,7954173;0;0;0,6060621;
-0,485295;0;0;-0,8743504;
0,4991137;-0,4991137;-0,5008848;0,5008848;
-0,6685185;-0,6685185;0,2303977;0,2303977;
-0,4296027;0;0;0,903018;
-0,2572758;-0,2572758;0,6586419;0,6586419;
-0,7954137;0;0;0,6060669;
-0,4853001;0;0;-0,8743477;
0,4991107;-0,4991107;-0,5008878;0,5008878;
-0,6685199;-0,6685199;0,2303937;0,2303937;
-0,4296244;0;0;0,9030077;
-0,2572758;-0,2572758;0,6586419;0,6586419;
-0,7954173;0;0;0,6060621;
-0,4853054;0;0;-0,8743448;
0,4990986;-0,4990986;-0,5008998;0,5008998;
-0,6685199;-0,6685199;0,2303937;0,2303937;
-0,4295973;0;0;0,9030206;
-0,2572799;-0,2572799;0,6586403;0,6586403;
-0,7954137;0;0;0,6060669;
-0,4853001;0;0;-0,8743477;
0,4991107;-0,4991107;-0,5008878;0,5008878;
-0,6685199;-0,6685199;0,2303937;0,2303937;
-0,4295973;0;0;0,9030206;
-0,2572838;-0,2572838;0,6586388;0,6586388;
-0,7954173;0;0;0,6060621;
-0,4852846;0;0;-0,8743563;
0,4991107;-0,4991107;-0,5008878;0,5008878;
-0,6685185;-0,6685185;0,2303977;0,2303977;
-0,4295811;0;0;0,9030283;
-0,2572719;-0,2572719;0,6586435;0,6586435;
-0,7954137;0;0;0,6060669;
-0,4852897;0;0;-0,8743533;
0,4991046;-0,4991046;-0,5008938;0,5008938;
-0,6685199;-0,6685199;0,2303937;0,2303937;
-0,4295757;0;0;0,9030309;
-0,2572523;-0,2572523;0,6586511;0,6586511;
-0,7954173;0;0;0,6060621;
-0,4852794;0;0;-0,8743593;
0,4991107;-0,4991107;-0,5008878;0,5008878;
-0,6685185;-0,6685185;0,2303977;0,2303977;
-0,4295919;0;0;0,9030231;
-0,2572719;-0,2572719;0,6586435;0,6586435;
-0,7954101;0;0;0,6060716;
-0,4852584;0;0;-0,8743709;
0,4991075;-0,4991075;-0,5008909;0,5008909;
-0,6685171;-0,6685171;0,2304017;0,2304017;
-0,4296082;0;0;0,9030154;
-0,2572088;-0,2572088;0,6586681;0,6586681;
-0,7954137;0;0;0,6060669;
-0,485206;0;0;-0,8744;
0,4991016;-0,4991016;-0,5008969;0,5008969;
-0,6685185;-0,6685185;0,2303977;0,2303977;
-0,4295919;0;0;0,9030231;
-0,2571811;-0,2571811;0,6586789;0,6586789;
-0,7954246;0;0;0,6060526;
-0,4851325;0;0;-0,8744406;
0,4991016;-0,4991016;-0,5008969;0,5008969;
-0,6685226;-0,6685226;0,2303858;0,2303858;
-0,4295973;0;0;0,9030206;
-0,2570865;-0,2570865;0,6587158;0,6587158;
-0,7954246;0;0;0,6060526;
-0,4850118;0;0;-0,8745075;
0,4991046;-0,4991046;-0,5008938;0,5008938;
-0,6685171;-0,6685171;0,2304017;0,2304017;
-0,4295919;0;0;0,9030231;
-0,2569562;-0,2569562;0,6587667;0,6587667;
-0,7954391;0;0;0,6060335;
-0,4848127;0;0;-0,8746181;
0,4991046;-0,4991046;-0,5008938;0,5008938;
-0,6685212;-0,6685212;0,2303898;0,2303898;
-0,4295919;0;0;0,9030231;
-0,2567666;-0,2567666;0,6588406;0,6588406;
-0,7954536;0;0;0,6060145;
-0,484519;0;0;-0,8747807;
0,4990956;-0,4990956;-0,5009028;0,5009028;
-0,6685199;-0,6685199;0,2303937;0,2303937;
-0,4295757;0;0;0,9030309;
-0,2565061;-0,2565061;0,658942;0,658942;
-0,7954572;0;0;0,6060098;
-0,4841781;0;0;-0,8749694;
0,4990956;-0,4990956;-0,5009028;0,5009028;
-0,6685171;-0,6685171;0,2304017;0,2304017;
-0,4295865;0;0;0,9030257;
-0,2561624;-0,2561624;0,6590757;0,6590757;
-0,7954791;0;0;0,6059811;
-0,4837322;0;0;-0,8752161;
0,4990775;-0,4990775;-0,5009208;0,5009208;
-0,6685226;-0,6685226;0,2303858;0,2303858;
-0,4295919;0;0;0,9030231;
-0,2557516;-0,2557516;0,6592352;0,6592352;
-0,7954972;0;0;0,6059572;
-0,4831497;0;0;-0,8755378;
0,4990625;-0,4990625;-0,5009358;0,5009358;
-0,6685309;-0,6685309;0,2303616;0,2303616;
-0,4295919;0;0;0,9030231;
-0,2548901;-0,2548901;0,6595689;0,6595689;
-0,7955517;0;0;0,6058857;
-0,4820001;0;0;-0,8761713;
0,4990655;-0,4990655;-0,5009328;0,5009328;
-0,6685406;-0,6685406;0,2303336;0,2303336;
-0,4296136;0;0;0,9030129;
-0,2541944;-0,2541944;0,6598373;0,6598373;
-0,7955844;0;0;0,6058429;
-0,4810647;0;0;-0,876685;
0,4990594;-0,4990594;-0,5009388;0,5009388;
-0,6685447;-0,6685447;0,2303216;0,2303216;
-0,4296568;0;0;0,9029922;
-0,2534547;-0,2534547;0,6601217;0,6601217;
-0,7956025;0;0;0,605819;
-0,4801236;0;0;-0,8772009;
0,4990655;-0,4990655;-0,5009328;0,5009328;
-0,6685475;-0,6685475;0,2303136;0,2303136;
-0,4297002;0;0;0,9029717;
-0,2522635;-0,2522635;0,6605779;0,6605779;
-0,7956388;0;0;0,6057714;
-0,4785559;0;0;-0,8780571;
0,4990205;-0,4990205;-0,5009776;0,5009776;
-0,6685585;-0,6685585;0,2302814;0,2302814;
-0,4297002;0;0;0,9029717;
-0,2518557;-0,2518557;0,6607335;0,6607335;
-0,7956642;0;0;0,605738;
-0,4779927;0;0;-0,8783637;
0,4990295;-0,4990295;-0,5009688;0,5009688;
-0,6685613;-0,6685613;0,2302735;0,2302735;
-0,4297002;0;0;0,9029717;
-0,2509645;-0,2509645;0,6610725;0,6610725;
-0,7956824;0;0;0,6057141;
-0,4768918;0;0;-0,878962;
0,4990264;-0,4990264;-0,5009717;0,5009717;
-0,6685641;-0,6685641;0,2302653;0,2302653;
-0,4297488;0;0;0,9029485;
-0,2500411;-0,2500411;0,6614223;0,6614223;
-0,7956969;0;0;0,6056951;
-0,4757794;0;0;-0,8795647;
0,4989994;-0,4989994;-0,5009986;0,5009986;
-0,6685737;-0,6685737;0,2302373;0,2302373;
-0,4297921;0;0;0,9029279;
-0,2490577;-0,2490577;0,6617932;0,6617932;
-0,795715;0;0;0,6056713;
-0,4745559;0;0;-0,8802254;
0,4989994;-0,4989994;-0,5009986;0,5009986;
-0,6685778;-0,6685778;0,2302253;0,2302253;
-0,4298083;0;0;0,9029201;
-0,2485382;-0,2485382;0,6619885;0,6619885;
-0,7957078;0;0;0,6056806;
-0,4739437;0;0;-0,8805552;
0,4990025;-0,4990025;-0,5009956;0,5009956;
-0,6685861;-0,6685861;0,2302013;0,2302013;
-0,4298679;0;0;0,9028918;
-0,2470022;-0,2470022;0,6625631;0,6625631;
-0,7957404;0;0;0,6056378;
-0,4719682;0;0;-0,8816156;
0,4989784;-0,4989784;-0,5010195;0,5010195;
-0,668593;-0,668593;0,2301813;0,2301813;
-0,4299165;0;0;0,9028686;
-0,2459297;-0,2459297;0,662962;0,662962;
-0,7957477;0;0;0,6056283;
-0,4705777;0;0;-0,8823586;
0,4989514;-0,4989514;-0,5010464;0,5010464;
-0,6686041;-0,6686041;0,2301492;0,2301492;
-0,4299763;0;0;0,9028403;
-0,2448367;-0,2448367;0,6633664;0,6633664;
-0,7957295;0;0;0,6056522;
-0,4691541;0;0;-0,8831164;
0,4989424;-0,4989424;-0,5010554;0,5010554;
-0,6686082;-0,6686082;0,2301373;0,2301373;
-0,4300357;0;0;0,9028119;
-0,24319;-0,24319;0,6639719;0,6639719;
-0,7957295;0;0;0,6056522;
-0,4669822;0;0;-0,8842668;
0,4989093;-0,4989093;-0,5010883;0,5010883;
-0,6686276;-0,6686276;0,230081;0,230081;
-0,430079;0;0;0,9027913;
-0,2420795;-0,2420795;0,6643776;0,6643776;
-0,7957259;0;0;0,6056569;
-0,4654762;0;0;-0,8850605;
0,4989093;-0,4989093;-0,5010883;0,5010883;
-0,6686276;-0,6686276;0,230081;0,230081;
-0,4301439;0;0;0,9027603;
-0,2409802;-0,2409802;0,6647771;0,6647771;
-0,7957295;0;0;0,6056522;
-0,4640112;0;0;-0,8858294;
0,4988794;-0,4988794;-0,5011181;0,5011181;
-0,66864;-0,66864;0,2300449;0,2300449;
-0,4301439;0;0;0,9027603;
-0,2404502;-0,2404502;0,664969;0,664969;
-0,7957114;0;0;0,6056759;
-0,4632836;0;0;-0,8862101;
0,4988794;-0,4988794;-0,5011181;0,5011181;
-0,6686386;-0,6686386;0,2300489;0,2300489;
-0,4302143;0;0;0,9027268;
-0,2388156;-0,2388156;0,6655577;0,6655577;
-0,7956715;0;0;0,6057284;
-0,4611093;0;0;-0,8873434;
0,4988584;-0,4988584;-0,5011391;0,5011391;
-0,6686606;-0,6686606;0,2299847;0,2299847;
-0,4302361;0;0;0,9027165;
-0,238293;-0,238293;0,665745;0,665745;
-0,7956679;0;0;0,6057332;
-0,4603643;0;0;-0,8877301;
0,4988464;-0,4988464;-0,5011511;0,5011511;
-0,6686579;-0,6686579;0,2299926;0,2299926;
-0,4302901;0;0;0,9026906;
-0,2367203;-0,2367203;0,6663059;0,6663059;
-0,7956206;0;0;0,6057953;
-0,45816;0;0;-0,8888698;
0,4988283;-0,4988283;-0,501169;0,501169;
-0,6686785;-0,6686785;0,2299327;0,2299327;
-0,4303551;0;0;0,9026597;
-0,2351221;-0,2351221;0,6668715;0,6668715;
-0,7955624;0;0;0,6058717;
-0,4560219;0;0;-0,8899686;
0,4988133;-0,4988133;-0,5011839;0,5011839;
-0,6686882;-0,6686882;0,2299045;0,2299045;
-0,4303875;0;0;0,9026442;
-0,2346066;-0,2346066;0,667053;0,667053;
-0,7955335;0;0;0,6059096;
-0,4552642;0;0;-0,8903564;
0,4987983;-0,4987983;-0,5011989;0,5011989;
-0,6686896;-0,6686896;0,2299005;0,2299005;
-0,4304146;0;0;0,9026313;
-0,2335468;-0,2335468;0,6674249;0,6674249;
-0,7955008;0;0;0,6059525;
-0,4537585;0;0;-0,8911248;
0,4987862;-0,4987862;-0,5012109;0,5012109;
-0,6686841;-0,6686841;0,2299165;0,2299165;
-0,430447;0;0;0,9026158;
-0,2330188;-0,2330188;0,6676094;0,6676094;
-0,795461;0;0;0,6060049;
-0,4529944;0;0;-0,8915133;
0,4987923;-0,4987923;-0,5012048;0,5012048;
-0,6686924;-0,6686924;0,2298925;0,2298925;
-0,4304849;0;0;0,9025978;
-0,2314176;-0,2314176;0,6681661;0,6681661;
-0,7953846;0;0;0,606105;
-0,4507161;0;0;-0,8926674;
0,4987592;-0,4987592;-0,5012378;0,5012378;
-0,6686993;-0,6686993;0,2298725;0,2298725;
-0,4305606;0;0;0,9025617;
-0,2298392;-0,2298392;0,6687106;0,6687106;
-0,7952791;0;0;0,6062434;
-0,4484888;0;0;-0,8937885;
0,4987592;-0,4987592;-0,5012378;0,5012378;
-0,6687144;-0,6687144;0,2298284;0,2298284;
-0,4306255;0;0;0,9025307;
-0,2282594;-0,2282594;0,6692516;0,6692516;
-0,7951557;0;0;0,6064053;
-0,4462317;0;0;-0,8949175;
0,4987231;-0,4987231;-0,5012737;0,5012737;
-0,6687227;-0,6687227;0,2298041;0,2298041;
-0,4306525;0;0;0,9025179;
-0,2277381;-0,2277381;0,6694292;0,6694292;
-0,7951267;0;0;0,6064434;
-0,4455023;0;0;-0,8952808;
0,4987291;-0,4987291;-0,5012677;0,5012677;
-0,6687199;-0,6687199;0,2298122;0,2298122;
-0,4306633;0;0;0,9025127;
-0,2272164;-0,2272164;0,6696064;0,6696064;
-0,7950758;0;0;0,6065102;
-0,4447668;0;0;-0,8956465;
0,4987172;-0,4987172;-0,5012796;0,5012796;
-0,6687282;-0,6687282;0,2297881;0,2297881;
-0,4307283;0;0;0,9024817;
-0,2256666;-0,2256666;0,6701303;0,6701303;
-0,7949485;0;0;0,606677;
-0,4425049;0;0;-0,8967662;
0,4986991;-0,4986991;-0,5012976;0,5012976;
-0,6687365;-0,6687365;0,2297641;0,2297641;
-0,4307715;0;0;0,9024611;
-0,2246422;-0,2246422;0,6704744;0,6704744;
-0,7948577;0;0;0,6067959;
-0,440967;0;0;-0,8975234;
0,498681;-0,498681;-0,5013155;0,5013155;
-0,6687462;-0,6687462;0,229736;0,229736;
-0,4308093;0;0;0,902443;
-0,2236051;-0,2236051;0,670821;0,670821;
-0,7947558;0;0;0,6069294;
-0,4394439;0;0;-0,8982701;
0,4986689;-0,4986689;-0,5013275;0,5013275;
-0,6687462;-0,6687462;0,229736;0,229736;
-0,4308364;0;0;0,9024301;
-0,2225715;-0,2225715;0,6711646;0,6711646;
-0,7946503;0;0;0,6070675;
-0,4378705;0;0;-0,899038;
0,498651;-0,498651;-0,5013454;0,5013454;
-0,6687627;-0,6687627;0,2296879;0,2296879;
-0,4308851;0;0;0,9024069;
-0,2210184;-0,2210184;0,6716776;0,6716776;
-0,7944865;0;0;0,6072818;
-0,4355035;0;0;-0,900187;
0,4986449;-0,4986449;-0,5013515;0,5013515;
-0,668775;-0,668775;0,2296518;0,2296518;
-0,4309391;0;0;0,902381;
-0,2199915;-0,2199915;0,6720147;0,6720147;
-0,7943629;0;0;0,6074435;
-0,433981;0;0;-0,9009221;
0,4986089;-0,4986089;-0,5013872;0,5013872;
-0,6687792;-0,6687792;0,2296398;0,2296398;
-0,4309716;0;0;0,9023655;
-0,218932;-0,218932;0,6723606;0,6723606;
-0,7942535;0;0;0,6075865;
-0,4324573;0;0;-0,9016545;
0,498612;-0,498612;-0,5013843;0,5013843;
-0,6687902;-0,6687902;0,2296077;0,2296077;
-0,4310583;0;0;0,9023241;
-0,2173961;-0,2173961;0,6728588;0,6728588;
-0,7940607;0;0;0,6078385;
-0,4301589;0;0;-0,9027533;
0,4985758;-0,4985758;-0,5014201;0,5014201;
-0,6688081;-0,6688081;0,2295555;0,2295555;
-0,4310583;0;0;0,9023241;
-0,2168959;-0,2168959;0,6730202;0,6730202;
-0,7940023;0;0;0,6079147;
-0,4294013;0;0;-0,9031138;
0,4985819;-0,4985819;-0,5014141;0,5014141;
-0,6688054;-0,6688054;0,2295636;0,2295636;
-0,4311177;0;0;0,9022957;
-0,2153745;-0,2153745;0,6735086;0,6735086;
-0,7937983;0;0;0,6081811;
-0,4270775;0;0;-0,9042151;
0,4985579;-0,4985579;-0,5014379;0,5014379;
-0,6688219;-0,6688219;0,2295156;0,2295156;
-0,4311394;0;0;0,9022854;
-0,2148701;-0,2148701;0,6736697;0,6736697;
-0,7937217;0;0;0,608281;
-0,4263131;0;0;-0,9045758;
0,4985369;-0,4985369;-0,5014589;0,5014589;
-0,6688191;-0,6688191;0,2295234;0,2295234;
-0,4311988;0;0;0,9022569;
-0,2134077;-0,2134077;0,6741344;0,6741344;
-0,7935064;0;0;0,6085618;
-0,4238879;0;0;-0,9057147;
0,4985218;-0,4985218;-0,5014739;0,5014739;
-0,6688356;-0,6688356;0,2294752;0,2294752;
-0,4312096;0;0;0,9022518;
-0,2124176;-0,2124176;0,6744471;0,6744471;
-0,793357;0;0;0,6087567;
-0,4222473;0;0;-0,9064807;
0,4984887;-0,4984887;-0,5015068;0,5015068;
-0,668848;-0,668848;0,2294392;0,2294392;
-0,4312799;0;0;0,9022182;
-0,2108811;-0,2108811;0,674929;0,674929;
-0,7931308;0;0;0,6090513;
-0,4199043;0;0;-0,9075685;
0,4984798;-0,4984798;-0,5015157;0,5015157;
-0,6688618;-0,6688618;0,2293991;0,2293991;
-0,4313556;0;0;0,902182;
-0,2093999;-0,2093999;0,67539;0,67539;
-0,7928935;0;0;0,6093603;
-0,4175579;0;0;-0,9086503;
0,4984467;-0,4984467;-0,5015485;0,5015485;
-0,6688659;-0,6688659;0,2293872;0,2293872;
-0,4314204;0;0;0,902151;
-0,2079138;-0,2079138;0,675849;0,675849;
-0,7926452;0;0;0,6096833;
-0,4151981;0;0;-0,9097311;
0,4983864;-0,4983864;-0,5016084;0,5016084;
-0,6688824;-0,6688824;0,229339;0,229339;
-0,4314583;0;0;0,9021329;
-0,2063983;-0,2063983;0,6763134;0,6763134;
-0,7923928;0;0;0,6100111;
-0,4128355;0;0;-0,9108057;
0,4983354;-0,4983354;-0,5016592;0,5016592;
-0,6688948;-0,6688948;0,2293029;0,2293029;
-0,4315124;0;0;0,902107;
-0,205413;-0,205413;0,6766133;0,6766133;
-0,7922027;0;0;0,610258;
-0,4112406;0;0;-0,9115269;
0,4982872;-0,4982872;-0,5017069;0,5017069;
-0,668892;-0,668892;0,2293109;0,2293109;
-0,4315448;0;0;0,9020915;
-0,2044396;-0,2044396;0,676908;0,676908;
-0,7920125;0;0;0,6105049;
-0,4095461;0;0;-0,9122894;
0,4982843;-0,4982843;-0,5017099;0,5017099;
-0,6689044;-0,6689044;0,2292747;0,2292747;
-0,431561;0;0;0,9020838;
-0,2039444;-0,2039444;0,6770574;0,6770574;
-0,7919173;0;0;0,6106283;
-0,4087312;0;0;-0,9126549;
0,4982632;-0,4982632;-0,5017307;0,5017307;
-0,66891;-0,66891;0,2292587;0,2292587;
-0,4316367;0;0;0,9020476;
-0,2024669;-0,2024669;0,6775007;0,6775007;
-0,7916062;0;0;0,6110315;
-0,4063064;0;0;-0,9137369;
0,4982602;-0,4982602;-0,5017337;0,5017337;
-0,6689182;-0,6689182;0,2292346;0,2292346;
-0,4316421;0;0;0,902045;
-0,2019797;-0,2019797;0,6776461;0,6776461;
-0,7915148;0;0;0,6111501;
-0,4054898;0;0;-0,9140995;
0,4982602;-0,4982602;-0,5017337;0,5017337;
-0,6689196;-0,6689196;0,2292306;0,2292306;
-0,4316908;0;0;0,9020216;
-0,2005453;-0,2005453;0,678072;0,678072;
-0,7911996;0;0;0,611558;
-0,4030885;0;0;-0,9151611;
0,4982482;-0,4982482;-0,5017458;0,5017458;
-0,6689278;-0,6689278;0,2292066;0,2292066;
-0,4317232;0;0;0,9020061;
-0,2000577;-0,2000577;0,678216;0,678216;
-0,7910897;0;0;0,6117002;
-0,4022602;0;0;-0,9155254;
0,4982422;-0,4982422;-0,5017517;0,5017517;
-0,6689346;-0,6689346;0,2291865;0,2291865;
-0,4317881;0;0;0,9019751;
-0,1985937;-0,1985937;0,6786461;0,6786461;
-0,790756;0;0;0,6121314;
-0,3998717;0;0;-0,9165711;
0,4982301;-0,4982301;-0,5017637;0,5017637;
-0,6689429;-0,6689429;0,2291624;0,2291624;
-0,4318475;0;0;0,9019467;
-0,1971777;-0,1971777;0,6790589;0,6790589;
-0,7904073;0;0;0,6125817;
-0,3973926;0;0;-0,9176487;
0,498212;-0,498212;-0,5017816;0,5017816;
-0,6689444;-0,6689444;0,2291583;0,2291583;
-0,4319179;0;0;0,9019129;
-0,1957161;-0,1957161;0,6794816;0,6794816;
-0,7900732;0;0;0,6130127;
-0,3948825;0;0;-0,9187316;
0,4982031;-0,4982031;-0,5017905;0,5017905;
-0,6689621;-0,6689621;0,2291064;0,2291064;
-0,4319341;0;0;0,9019052;
-0,1947507;-0,1947507;0,679759;0,679759;
-0,7898417;0;0;0,6133108;
-0,3932133;0;0;-0,9194472;
0,4982001;-0,4982001;-0,5017936;0,5017936;
-0,6689649;-0,6689649;0,2290983;0,2290983;
-0,4319828;0;0;0,9018819;
-0,1937887;-0,1937887;0,6800338;0,6800338;
-0,7895881;0;0;0,6136373;
-0,391565;0;0;-0,9201504;
0,498167;-0,498167;-0,5018264;0,5018264;
-0,6689786;-0,6689786;0,2290582;0,2290582;
-0,4320314;0;0;0,9018586;
-0,192419;-0,192419;0,6804227;0,6804227;
-0,7892312;0;0;0,6140961;
-0,3891479;0;0;-0,9211754;
0,49817;-0,49817;-0,5018233;0,5018233;
-0,6689814;-0,6689814;0,2290501;0,2290501;
-0,4320584;0;0;0,9018456;
-0,1914932;-0,1914932;0,6806838;0,6806838;
-0,7889772;0;0;0,6144226;
-0,3875073;0;0;-0,9218666;
0,498149;-0,498149;-0,5018442;0,5018442;
-0,6689951;-0,6689951;0,2290099;0,2290099;
-0,4321125;0;0;0,9018197;
-0,1905504;-0,1905504;0,6809483;0,6809483;
-0,7887193;0;0;0,6147535;
-0,3859101;0;0;-0,9225365;
0,4981369;-0,4981369;-0,5018562;0,5018562;
-0,6689979;-0,6689979;0,2290019;0,2290019;
-0,4321178;0;0;0,9018171;
-0,1900812;-0,1900812;0,6810794;0,6810794;
-0,7885941;0;0;0,6149141;
-0,385086;0;0;-0,9228808;
0,4981429;-0,4981429;-0,5018502;0,5018502;
-0,6690075;-0,6690075;0,2289739;0,2289739;
-0,4321989;0;0;0,9017783;
-0,1887291;-0,1887291;0,6814553;0,6814553;
-0,7882071;0;0;0,6154101;
-0,3825842;0;0;-0,9239207;
0,4981129;-0,4981129;-0,5018801;0,5018801;
-0,6690171;-0,6690171;0,2289458;0,2289458;
-0,4322151;0;0;0,9017705;
-0,1877775;-0,1877775;0,6817182;0,6817182;
-0,7879377;0;0;0,615755;
-0,3808777;0;0;-0,9246255;
0,4981158;-0,4981158;-0,5018771;0,5018771;
-0,6690254;-0,6690254;0,2289216;0,2289216;
-0,4322745;0;0;0,901742;
-0,1868374;-0,1868374;0,6819764;0,6819764;
-0,7876609;0;0;0,616109;
-0,3791699;0;0;-0,9253271;
0,4980827;-0,4980827;-0,50191;0,50191;
-0,6690267;-0,6690267;0,2289175;0,2289175;
-0,4322962;0;0;0,9017317;
-0,1858888;-0,1858888;0,6822356;0,6822356;
-0,7873691;0;0;0,6164819;
-0,3774944;0;0;-0,9260119;
0,4980767;-0,4980767;-0,5019159;0,5019159;
-0,6690322;-0,6690322;0,2289015;0,2289015;
-0,4323448;0;0;0,9017084;
-0,1849686;-0,1849686;0,6824856;0,6824856;
-0,7870772;0;0;0,6168544;
-0,375834;0;0;-0,9266869;
0,4980767;-0,4980767;-0,5019159;0,5019159;
-0,6690391;-0,6690391;0,2288816;0,2288816;
-0,4323826;0;0;0,9016902;
-0,1840563;-0,1840563;0,6827322;0,6827322;
-0,7867887;0;0;0,6172224;
-0,3741948;0;0;-0,9273501;
0,4980316;-0,4980316;-0,5019607;0,5019607;
-0,6690528;-0,6690528;0,2288416;0,2288416;
-0,4324042;0;0;0,9016799;
-0,1835978;-0,1835978;0,6828557;0,6828557;
-0,786637;0;0;0,6174158;
-0,3733556;0;0;-0,9276884;
0,4980527;-0,4980527;-0,5019398;0,5019398;
-0,6690514;-0,6690514;0,2288455;0,2288455;
-0,4324637;0;0;0,9016514;
-0,1822508;-0,1822508;0,6832165;0,6832165;
-0,7861892;0;0;0,6179859;
-0,3708741;0;0;-0,9286832;
0,4980165;-0,4980165;-0,5019757;0,5019757;
-0,6690555;-0,6690555;0,2288335;0,2288335;
-0,4325285;0;0;0,9016203;
-0,1809115;-0,1809115;0,6835723;0,6835723;
-0,7857297;0;0;0,61857;
-0,3683346;0;0;-0,9296933;
0,4980076;-0,4980076;-0,5019846;0,5019846;
-0,6690638;-0,6690638;0,2288093;0,2288093;
-0,4325663;0;0;0,9016021;
-0,1804525;-0,1804525;0,6836936;0,6836936;
-0,7855702;0;0;0,6187725;
-0,3674538;0;0;-0,9300418;
0,4979864;-0,4979864;-0,5020055;0,5020055;
-0,6690679;-0,6690679;0,2287973;0,2287973;
-0,4326095;0;0;0,9015814;
-0,1791243;-0,1791243;0,6840428;0,6840428;
-0,7851251;0;0;0,6193372;
-0,3648434;0;0;-0,931069;
0,4979774;-0,4979774;-0,5020145;0,5020145;
-0,6690761;-0,6690761;0,2287734;0,2287734;
-0,4326312;0;0;0,901571;
-0,1786692;-0,1786692;0,6841618;0,6841618;
-0,7849618;0;0;0,6195442;
-0,3639896;0;0;-0,9314031;
0,4979685;-0,4979685;-0,5020233;0,5020233;
-0,6690775;-0,6690775;0,2287693;0,2287693;
-0,4326907;0;0;0,9015424;
-0,177299;-0,177299;0,6845182;0,6845182;
-0,7844751;0;0;0,6201603;
-0,3614815;0;0;-0,9323792;
0,4979503;-0,4979503;-0,5020413;0,5020413;
-0,6690788;-0,6690788;0,2287652;0,2287652;
-0,432734;0;0;0,9015217;
-0,1764372;-0,1764372;0,6847408;0,6847408;
-0,7841405;0;0;0,6205833;
-0,3597821;0;0;-0,9330364;
0,4979233;-0,4979233;-0,5020681;0,5020681;
-0,6690953;-0,6690953;0,228717;0,228717;
-0,4327772;0;0;0,9015009;
-0,1755466;-0,1755466;0,6849697;0,6849697;
-0,7838131;0;0;0,6209968;
-0,3580813;0;0;-0,9336905;
0,4979203;-0,4979203;-0,5020711;0,5020711;
-0,669094;-0,669094;0,228721;0,228721;
-0,4328204;0;0;0,9014802;
-0,1742078;-0,1742078;0,6853114;0,6853114;
-0,7832846;0;0;0,6216633;
-0,3555619;0;0;-0,9346528;
0,4978932;-0,4978932;-0,5020979;0,5020979;
-0,6691036;-0,6691036;0,2286929;0,2286929;
-0,4328204;0;0;0,9014802;
-0,1737475;-0,1737475;0,6854282;0,6854282;
-0,7831131;0;0;0,6218793;
-0,3546988;0;0;-0,9349806;
0,4978811;-0,4978811;-0,5021099;0,5021099;
-0,6691063;-0,6691063;0,2286849;0,2286849;
-0,4328637;0;0;0,9014595;
-0,1728928;-0,1728928;0,6856443;0,6856443;
-0,7827327;0;0;0,622358;
-0,3529553;0;0;-0,9356403;
0,4978782;-0,4978782;-0,5021129;0,5021129;
-0,6691063;-0,6691063;0,2286849;0,2286849;
-0,4329392;0;0;0,9014232;
-0,1716554;-0,1716554;0,6859551;0,6859551;
-0,7822142;0;0;0,6230096;
-0,3502957;0;0;-0,9366391;
0,4978571;-0,4978571;-0,5021338;0,5021338;
-0,6691242;-0,6691242;0,2286327;0,2286327;
-0,4329554;0;0;0,9014153;
-0,1712279;-0,1712279;0,686062;0,686062;
-0,7820125;0;0;0,6232628;
-0,3494366;0;0;-0,9369601;
0,4978481;-0,4978481;-0,5021427;0,5021427;
-0,66912;-0,66912;0,2286449;0,2286449;
-0,4330148;0;0;0,9013868;
-0,1699405;-0,1699405;0,686382;0,686382;
-0,7814668;0;0;0,6239468;
-0,3468521;0;0;-0,9379199;
0,4978209;-0,4978209;-0,5021697;0,5021697;
-0,6691282;-0,6691282;0,2286207;0,2286207;
-0,4330311;0;0;0,901379;
-0,1695207;-0,1695207;0,6864858;0,6864858;
-0,7812724;0;0;0,6241904;
-0,3460311;0;0;-0,9382231;
0,497812;-0,497812;-0,5021785;0,5021785;
-0,669131;-0,669131;0,2286126;0,2286126;
-0,4330905;0;0;0,9013505;
-0,1682365;-0,1682365;0,6868017;0,6868017;
-0,780711;0;0;0,6248923;
-0,3434712;0;0;-0,9391633;
0,4978;-0,4978;-0,5021904;0,5021904;
-0,6691378;-0,6691378;0,2285927;0,2285927;
-0,4331283;0;0;0,9013323;
-0,1678124;-0,1678124;0,6869054;0,6869054;
-0,7805125;0;0;0,6251402;
-0,3426098;0;0;-0,9394779;
0,4977909;-0,4977909;-0,5021995;0,5021995;
-0,6691419;-0,6691419;0,2285807;0,2285807;
-0,4331607;0;0;0,9013168;
-0,1669766;-0,1669766;0,6871091;0,6871091;
-0,780119;0;0;0,6256312;
-0,340903;0;0;-0,9400985;
0,4977608;-0,4977608;-0,5022292;0,5022292;
-0,6691501;-0,6691501;0,2285566;0,2285566;
-0,4332093;0;0;0,9012934;
-0,1661239;-0,1661239;0,6873157;0,6873157;
-0,7797251;0;0;0,6261221;
-0,3391724;0;0;-0,9407243;
0,4977638;-0,4977638;-0,5022262;0,5022262;
-0,6691529;-0,6691529;0,2285486;0,2285486;
-0,4332363;0;0;0,9012804;
-0,1648587;-0,1648587;0,6876203;0,6876203;
-0,7791244;0;0;0,6268694;
-0,3364818;0;0;-0,94169;
0,4977276;-0,4977276;-0,5022621;0,5022621;
-0,6691653;-0,6691653;0,2285124;0,2285124;
-0,4333011;0;0;0,9012492;
-0,1636384;-0,1636384;0,6879117;0,6879117;
-0,7785118;0;0;0,62763;
-0,3338558;0;0;-0,9426242;
0,4977216;-0,4977216;-0,5022681;0,5022681;
-0,6691735;-0,6691735;0,2284883;0,2284883;
-0,4333335;0;0;0,9012337;
-0,1632385;-0,1632385;0,6880067;0,6880067;
-0,7783048;0;0;0,6278867;
-0,3329801;0;0;-0,9429339;
0,4977155;-0,4977155;-0,502274;0,502274;
-0,6691817;-0,6691817;0,2284641;0,2284641;
-0,4333929;0;0;0,9012051;
-0,1620092;-0,1620092;0,6882972;0,6882972;
-0,7776798;0;0;0,6286606;
-0,330396;0;0;-0,9438425;
0,4976974;-0,4976974;-0,502292;0,502292;
-0,6691886;-0,6691886;0,2284441;0,2284441;
-0,4334145;0;0;0,9011947;
-0,1611881;-0,1611881;0,68849;0,68849;
-0,7772614;0;0;0,6291777;
-0,3286812;0;0;-0,944441;
0,4976764;-0,4976764;-0,5023129;0,5023129;
-0,6692022;-0,6692022;0,228404;0,228404;
-0,4334307;0;0;0,9011869;
-0,1607918;-0,1607918;0,6885826;0,6885826;
-0,7770503;0;0;0,6294385;
-0,3278209;0;0;-0,9447399;
0,4976644;-0,4976644;-0,5023248;0,5023248;
-0,6692036;-0,6692036;0,2284;0,2284;
-0,4335063;0;0;0,9011505;
-0,1596029;-0,1596029;0,6888592;0,6888592;
-0,7764201;0;0;0,6302156;
-0,3252487;0;0;-0,9456286;
0,4976553;-0,4976553;-0,5023338;0,5023338;
-0,6692036;-0,6692036;0,2284;0,2284;
-0,4335389;0;0;0,9011348;
-0,1592025;-0,1592025;0,6889518;0,6889518;
-0,7762048;0;0;0,6304809;
-0,3243702;0;0;-0,9459303;
0,4976493;-0,4976493;-0,5023397;0,5023397;
-0,6692132;-0,6692132;0,2283719;0,2283719;
-0,433609;0;0;0,9011011;
-0,1580168;-0,1580168;0,6892247;0,6892247;
-0,7755506;0;0;0,6312854;
-0,3217097;0;0;-0,9468383;
0,4976374;-0,4976374;-0,5023516;0,5023516;
-0,6692187;-0,6692187;0,2283558;0,2283558;
-0,4336145;0;0;0,9010985;
-0,1576284;-0,1576284;0,6893137;0,6893137;
-0,7753275;0;0;0,6315594;
-0,3208416;0;0;-0,9471329;
0,4976313;-0,4976313;-0,5023576;0,5023576;
-0,6692214;-0,6692214;0,2283478;0,2283478;
-0,4336469;0;0;0,9010829;
-0,1569507;-0,1569507;0,6894683;0,6894683;
-0,7749411;0;0;0,6320335;
-0,3194618;0;0;-0,9475992;
0,4976133;-0,4976133;-0,5023754;0,5023754;
-0,669231;-0,669231;0,2283198;0,2283198;
-0,4336738;0;0;0,9010699;
-0,1563102;-0,1563102;0,6896138;0,6896138;
-0,7745813;0;0;0,6324744;
-0,3180756;0;0;-0,9480653;
0,4976072;-0,4976072;-0,5023815;0,5023815;
-0,6692283;-0,6692283;0,2283279;0,2283279;
-0,4336846;0;0;0,9010648;
-0,1561489;-0,1561489;0,6896503;0,6896503;
-0,7744904;0;0;0,6325858;
-0,3176664;0;0;-0,9482026;
0,4976193;-0,4976193;-0,5023695;0,5023695;
-0,6692296;-0,6692296;0,2283238;0,2283238;
-0,4336684;0;0;0,9010725;
-0,1561529;-0,1561529;0,6896494;0,6896494;
-0,7745168;0;0;0,6325534;
-0,3178143;0;0;-0,948153;
0,4976072;-0,4976072;-0,5023815;0,5023815;
-0,6692283;-0,6692283;0,2283279;0,2283279;
