-0,4336738;0;0;0,9010699;
-0,1562646;-0,1562646;0,6896241;0,6896241;
-0,7745395;0;0;0,6325256;
-0,3178882;0;0;-0,9481283;
0,4975682;-0,4975682;-0,5024201;0,5024201;
-0,6692283;-0,6692283;0,2283279;0,2283279;
-0,43369;0;0;0,9010621;
-0,156248;-0,156248;0,6896279;0,6896279;
-0,7745548;0;0;0,6325068;
-0,3179052;0;0;-0,9481226;
0,4975741;-0,4975741;-0,5024142;0,5024142;
-0,6692283;-0,6692283;0,2283279;0,2283279;
-0,4336738;0;0;0,9010699;
-0,1562357;-0,1562357;0,6896306;0,6896306;
-0,7745471;0;0;0,6325163;
-0,3178939;0;0;-0,9481264;
0,4975682;-0,4975682;-0,5024201;0,5024201;
-0,6692283;-0,6692283;0,2283279;0,2283279;
-0,4336792;0;0;0,9010673;
-0,1562439;-0,1562439;0,6896288;0,6896288;
-0,7745471;0;0;0,6325163;
-0,3178939;0;0;-0,9481264;
0,4975711;-0,4975711;-0,5024171;0,5024171;
-0,6692255;-0,6692255;0,2283358;0,2283358;
-0,4336846;0;0;0,9010648;
-0,1562439;-0,1562439;0,6896288;0,6896288;
-0,774551;0;0;0,6325114;
-0,3178995;0;0;-0,9481245;
0,4975682;-0,4975682;-0,5024201;0,5024201;
-0,669231;-0,669231;0,2283198;0,2283198;
-0,4336954;0;0;0,9010595;
-0,1562605;-0,1562605;0,689625;0,689625;
-0,7745471;0;0;0,6325163;
-0,3179052;0;0;-0,9481226;
0,4975649;-0,4975649;-0,5024232;0,5024232;
-0,6692255;-0,6692255;0,2283358;0,2283358;
-0,4336954;0;0;0,9010595;
-0,1562894;-0,1562894;0,6896185;0,6896185;
-0,7745471;0;0;0,6325163;
-0,3179563;0;0;-0,9481055;
0,4975649;-0,4975649;-0,5024232;0,5024232;
-0,6692296;-0,6692296;0,2283238;0,2283238;
-0,4336954;0;0;0,9010595;
-0,1563266;-0,1563266;0,6896101;0,6896101;
-0,7745889;0;0;0,6324651;
-0,318013;0;0;-0,9480863;
0,4975711;-0,4975711;-0,5024171;0,5024171;
-0,6692296;-0,6692296;0,2283238;0,2283238;
-0,4336846;0;0;0,9010648;
-0,1563473;-0,1563473;0,6896054;0,6896054;
-0,7745813;0;0;0,6324744;
-0,3180926;0;0;-0,9480597;
0,4975741;-0,4975741;-0,5024142;0,5024142;
-0,6692296;-0,6692296;0,2283238;0,2283238;
-0,4336846;0;0;0,9010648;
-0,1563968;-0,1563968;0,6895941;0,6895941;
-0,7746267;0;0;0,6324188;
-0,3182008;0;0;-0,9480233;
0,4975711;-0,4975711;-0,5024171;0,5024171;
-0,6692365;-0,6692365;0,2283037;0,2283037;
-0,43369;0;0;0,9010621;
-0,1565002;-0,1565002;0,6895707;0,6895707;
-0,7747027;0;0;0,6323256;
-0,3184732;0;0;-0,9479319;
0,4975682;-0,4975682;-0,5024201;0,5024201;
-0,669231;-0,669231;0,2283198;0,2283198;
-0,4336792;0;0;0,9010673;
-0,1566077;-0,1566077;0,6895463;0,6895463;
-0,7747936;0;0;0,6322143;
-0,3187346;0;0;-0,947844;
0,4975682;-0,4975682;-0,5024201;0,5024201;
-0,6692296;-0,6692296;0,2283238;0,2283238;
-0,43369;0;0;0,9010621;
-0,1567772;-0,1567772;0,6895078;0,6895078;
-0,7748768;0;0;0,6321123;
-0,3191437;0;0;-0,9477064;
0,4975682;-0,4975682;-0,5024201;0,5024201;
-0,669231;-0,669231;0,2283198;0,2283198;
-0,4336792;0;0;0,9010673;
-0,1568804;-0,1568804;0,6894842;0,6894842;
-0,7749299;0;0;0,6320472;
-0,3193594;0;0;-0,9476336;
0,4975682;-0,4975682;-0,5024201;0,5024201;
-0,6692296;-0,6692296;0,2283238;0,2283238;
-0,4336684;0;0;0,9010725;
-0,1572977;-0,1572977;0,6893892;0,6893892;
-0,7751685;0;0;0,6317546;
-0,3203249;0;0;-0,9473078;
0,4975801;-0,4975801;-0,5024083;0,5024083;
-0,6692296;-0,6692296;0,2283238;0,2283238;
-0,4336792;0;0;0,9010673;
-0,1574838;-0,1574838;0,6893467;0,6893467;
-0,7752591;0;0;0,6316433;
-0,3207222;0;0;-0,9471734;
0,4975771;-0,4975771;-0,5024112;0,5024112;
-0,6692269;-0,6692269;0,2283318;0,2283318;
-0,4336307;0;0;0,9010907;
-0,1581862;-0,1581862;0,6891859;0,6891859;
-0,7756376;0;0;0,6311785;
-0,3221977;0;0;-0,9466724;
0,4975831;-0,4975831;-0,5024053;0,5024053;
-0,6692269;-0,6692269;0,2283318;0,2283318;
-0,4336198;0;0;0,9010959;
-0,1584135;-0,1584135;0,6891336;0,6891336;
-0,7757965;0;0;0,6309832;
-0,3227766;0;0;-0,9464752;
0,4976042;-0,4976042;-0,5023844;0,5023844;
-0,6692269;-0,6692269;0,2283318;0,2283318;
-0,4335983;0;0;0,9011063;
-0,1592478;-0,1592478;0,6889414;0,6889414;
-0,77625;0;0;0,6304252;
-0,3244837;0;0;-0,9458914;
0,4976163;-0,4976163;-0,5023724;0,5023724;
-0,6692241;-0,6692241;0,2283398;0,2283398;
-0,4335497;0;0;0,9011297;
-0,1601189;-0,1601189;0,6887394;0,6887394;
-0,7767258;0;0;0,6298389;
-0,3265012;0;0;-0,9451969;
0,4976223;-0,4976223;-0,5023665;0,5023665;
-0,6692105;-0,6692105;0,2283799;0,2283799;
-0,4335334;0;0;0,9011375;
-0,1607506;-0,1607506;0,6885923;0,6885923;
-0,7770693;0;0;0,6294151;
-0,3278549;0;0;-0,9447281;
0,4976463;-0,4976463;-0,5023426;0,5023426;
-0,6692064;-0,6692064;0,228392;0,228392;
-0,4334901;0;0;0,9011583;
-0,1610725;-0,1610725;0,688517;0,688517;
-0,7772466;0;0;0,6291961;
-0,3285285;0;0;-0,9444941;
0,4976463;-0,4976463;-0,5023426;0,5023426;
-0,6692105;-0,6692105;0,2283799;0,2283799;
-0,4334415;0;0;0,9011818;
-0,1621247;-0,1621247;0,68827;0,68827;
-0,7777816;0;0;0,6285347;
-0,3307634;0;0;-0,9437137;
0,4976583;-0,4976583;-0,5023308;0,5023308;
-0,6692036;-0,6692036;0,2284;0,2284;
-0,4334415;0;0;0,9011818;
-0,1625042;-0,1625042;0,6881805;0,6881805;
-0,7779623;0;0;0,628311;
-0,3315159;0;0;-0,9434497;
0,4976644;-0,4976644;-0,5023248;0,5023248;
-0,669194;-0,669194;0,228428;0,228428;
-0,4333929;0;0;0,9012051;
-0,1637168;-0,1637168;0,687893;0,687893;
-0,778538;0;0;0,6275974;
-0,3339857;0;0;-0,9425782;
0,4976855;-0,4976855;-0,5023038;0,5023038;
-0,6691899;-0,6691899;0,2284401;0,2284401;
-0,4333065;0;0;0,9012467;
-0,1645413;-0,1645413;0,6876963;0,6876963;
-0,7789292;0;0;0,6271119;
-0,3357479;0;0;-0,9419519;
0,4976974;-0,4976974;-0,502292;0,502292;
-0,6691776;-0,6691776;0,2284763;0,2284763;
-0,4332795;0;0;0,9012596;
-0,1653946;-0,1653946;0,6874915;0,6874915;
-0,779346;0;0;0,6265938;
-0,3375538;0;0;-0,9413062;
0,4977066;-0,4977066;-0,502283;0,502283;
-0,6691707;-0,6691707;0,2284963;0,2284963;
-0,4332309;0;0;0,901283;
-0,1662352;-0,1662352;0,6872888;0,6872888;
-0,7797701;0;0;0,6260659;
-0,3393587;0;0;-0,9406571;
0,4977185;-0,4977185;-0,5022711;0,5022711;
-0,669168;-0,669168;0,2285044;0,2285044;
-0,4332147;0;0;0,9012908;
-0,1666553;-0,1666553;0,6871871;0,6871871;
-0,7799652;0;0;0,625823;
-0,3402381;0;0;-0,9403394;
0,4977126;-0,4977126;-0,5022771;0,5022771;
-0,6691666;-0,6691666;0,2285083;0,2285083;
-0,4331391;0;0;0,9013271;
-0,1679113;-0,1679113;0,6868812;0,6868812;
-0,7805725;0;0;0,6250652;
-0,3428347;0;0;-0,9393958;
0,4977486;-0,4977486;-0,5022413;0,5022413;
-0,6691542;-0,6691542;0,2285446;0,2285446;
-0,4330688;0;0;0,9013609;
-0,1691751;-0,1691751;0,6865711;0,6865711;
-0,781164;0;0;0,6243259;
-0,3454236;0;0;-0,9384469;
0,4977547;-0,4977547;-0,5022352;0,5022352;
-0,6691501;-0,6691501;0,2285566;0,2285566;
-0,4330473;0;0;0,9013712;
-0,1700185;-0,1700185;0,6863627;0,6863627;
-0,7815416;0;0;0,6238531;
-0,3471669;0;0;-0,9378034;
0,4977939;-0,4977939;-0,5021965;0,5021965;
-0,6691378;-0,6691378;0,2285927;0,2285927;
-0,4329717;0;0;0,9014076;
-0,1713018;-0,1713018;0,6860435;0,6860435;
-0,7820759;0;0;0,6231833;
-0,3498184;0;0;-0,9368176;
0,4977879;-0,4977879;-0,5022025;0,5022025;
-0,669131;-0,669131;0,2286126;0,2286126;
-0,4329338;0;0;0,9014257;
-0,1721859;-0,1721859;0,6858222;0,6858222;
-0,7824454;0;0;0,6227192;
-0,3516258;0;0;-0,9361406;
0,4978271;-0,4978271;-0,5021636;0,5021636;
-0,6691269;-0,6691269;0,2286247;0,2286247;
-0,4328798;0;0;0,9014516;
-0,1730655;-0,1730655;0,6856008;0,6856008;
-0,7828;0;0;0,6222734;
-0,3533983;0;0;-0,935473;
0,4978271;-0,4978271;-0,5021636;0,5021636;
-0,6691228;-0,6691228;0,2286368;0,2286368;
-0,4328366;0;0;0,9014724;
-0,1744294;-0,1744294;0,685255;0,685255;
-0,7833366;0;0;0,6215978;
-0,3560044;0;0;-0,9344844;
0,4978541;-0,4978541;-0,5021367;0,5021367;
-0,6691104;-0,6691104;0,2286729;0,2286729;
-0,4327934;0;0;0,9014932;
-0,174873;-0,174873;0,6851419;0,6851419;
-0,7835079;0;0;0,6213818;
-0,3568272;0;0;-0,9341704;
0,4978571;-0,4978571;-0,5021338;0,5021338;
-0,6691145;-0,6691145;0,2286609;0,2286609;
-0,4327447;0;0;0,9015165;
-0,1762486;-0,1762486;0,6847894;0,6847894;
-0,7840439;0;0;0,6207054;
-0,3593627;0;0;-0,933198;
0,4978752;-0,4978752;-0,5021159;0,5021159;
-0,6690995;-0,6690995;0,228705;0,228705;
-0,432707;0;0;0,9015347;
-0,1771596;-0,1771596;0,6845542;0,6845542;
-0,7843785;0;0;0,6202825;
-0,3610569;0;0;-0,9325439;
0,4978902;-0,4978902;-0,5021009;0,5021009;
-0,6690995;-0,6690995;0,228705;0,228705;
-0,432642;0;0;0,9015658;
-0,1780253;-0,1780253;0,6843296;0,6843296;
-0,7847205;0;0;0,6198498;
-0,3627722;0;0;-0,9318779;
0,4978932;-0,4978932;-0,5020979;0,5020979;
-0,669094;-0,669094;0,228721;0,228721;
-0,4326095;0;0;0,9015814;
-0,1788906;-0,1788906;0,684104;0,684104;
-0,7850508;0;0;0,6194314;
-0,3644977;0;0;-0,9312043;
0,4979233;-0,4979233;-0,5020681;0,5020681;
-0,6690885;-0,6690885;0,2287371;0,2287371;
-0,4325771;0;0;0,901597;
-0,1797557;-0,1797557;0,6838771;0,6838771;
-0,7853515;0;0;0,6190501;
-0,3662718;0;0;-0,930508;
0,4979143;-0,4979143;-0,502077;0,502077;
-0,6690816;-0,6690816;0,2287573;0,2287573;
-0,4325285;0;0;0,9016203;
-0,1806246;-0,1806246;0,6836482;0,6836482;
-0,7856629;0;0;0,6186548;
-0,3680114;0;0;-0,9298213;
0,4979293;-0,4979293;-0,5020622;0,5020622;
-0,6690761;-0,6690761;0,2287734;0,2287734;
-0,4324799;0;0;0,9016436;
-0,1815258;-0,1815258;0,6834094;0,6834094;
-0,7859741;0;0;0,6182594;
-0,3696938;0;0;-0,9291537;
0,4979503;-0,4979503;-0,5020413;0,5020413;
-0,6690734;-0,6690734;0,2287812;0,2287812;
-0,432442;0;0;0,9016618;
-0,1824146;-0,1824146;0,6831727;0,6831727;
-0,7862816;0;0;0,6178682;
-0,3713861;0;0;-0,9284785;
0,4979563;-0,4979563;-0,5020354;0,5020354;
-0,6690583;-0,6690583;0,2288253;0,2288253;
-0,4323934;0;0;0,9016851;
-0,1833359;-0,1833359;0,6829261;0,6829261;
-0,7865742;0;0;0,6174959;
-0,373044;0;0;-0,9278137;
0,4979804;-0,4979804;-0,5020115;0,5020115;
-0,6690624;-0,6690624;0,2288133;0,2288133;
-0,4323556;0;0;0,9017032;
-0,1842812;-0,1842812;0,6826715;0,6826715;
-0,7868738;0;0;0,617114;
-0,3747119;0;0;-0,9271414;
0,4979895;-0,4979895;-0,5020025;0,5020025;
-0,6690487;-0,6690487;0,2288536;0,2288536;
-0,4323448;0;0;0,9017084;
-0,1852508;-0,1852508;0,6824091;0,6824091;
-0,7871843;0;0;0,6167178;
-0,376384;0;0;-0,9264638;
0,4980136;-0,4980136;-0,5019786;0,5019786;
-0,6690487;-0,6690487;0,2288536;0,2288536;
-0,43228;0;0;0,9017395;
-0,1862079;-0,1862079;0,6821485;0,6821485;
-0,7874835;0;0;0,6163357;
-0,3780772;0;0;-0,9257742;
0,4980286;-0,4980286;-0,5019637;0,5019637;
-0,6690322;-0,6690322;0,2289015;0,2289015;
-0,4322637;0;0;0,9017472;
-0,1866782;-0,1866782;0,68202;0,68202;
-0,7876238;0;0;0,6161564;
-0,3789093;0;0;-0,9254339;
0,4980316;-0,4980316;-0,5019607;0,5019607;
-0,6690308;-0,6690308;0,2289056;0,2289056;
-0,4321989;0;0;0,9017783;
-0,1880593;-0,1880593;0,6816404;0,6816404;
-0,7880409;0;0;0,6156229;
-0,3814926;0;0;-0,9243718;
0,4980676;-0,4980676;-0,501925;0,501925;
-0,6690116;-0,6690116;0,2289618;0,2289618;
-0,4321773;0;0;0,9017887;
-0,1885129;-0,1885129;0,6815152;0,6815152;
-0,7881666;0;0;0,615462;
-0,3823458;0;0;-0,9240193;
0,4980646;-0,4980646;-0,501928;0,501928;
-0,6690144;-0,6690144;0,2289538;0,2289538;
-0,4321178;0;0;0,9018171;
-0,1898973;-0,1898973;0,6811307;0,6811307;
-0,788572;0;0;0,6149426;
-0,3848811;0;0;-0,9229662;
0,4980948;-0,4980948;-0,501898;0,501898;
-0,6690061;-0,6690061;0,2289778;0,2289778;
-0,432053;0;0;0,9018482;
-0,1912442;-0,1912442;0,6807538;0,6807538;
-0,7889735;0;0;0,6144272;
-0,3873027;0;0;-0,9219525;
0,498131;-0,498131;-0,5018621;0,5018621;
-0,6689951;-0,6689951;0,2290099;0,2290099;
-0,4319881;0;0;0,9018793;
-0,1926474;-0,1926474;0,680358;0,680358;
-0,7893414;0;0;0,6139545;
-0,3897772;0;0;-0,9209092;
0,4981339;-0,4981339;-0,5018592;0,5018592;
-0,6689827;-0,6689827;0,2290461;0,2290461;
-0,4319665;0;0;0,9018896;
-0,1931285;-0,1931285;0,6802216;0,6802216;
-0,789474;0;0;0,6137841;
-0,3905941;0;0;-0,9205631;
0,498149;-0,498149;-0,5018442;0,5018442;
-0,6689759;-0,6689759;0,2290661;0,2290661;
-0,4319395;0;0;0,9019026;
-0,1936094;-0,1936094;0,6800849;0,6800849;
-0,7895954;0;0;0,6136279;
-0,3914382;0;0;-0,9202045;
0,498155;-0,498155;-0,5018383;0,5018383;
-0,668969;-0,668969;0,2290863;0,2290863;
-0,4318855;0;0;0,9019285;
-0,1950806;-0,1950806;0,6796643;0,6796643;
-0,7899667;0;0;0,6131498;
-0,3939628;0;0;-0,9191263;
0,4981731;-0,4981731;-0,5018203;0,5018203;
-0,6689608;-0,6689608;0,2291104;0,2291104;
-0,4318205;0;0;0,9019596;
-0,1965304;-0,1965304;0,6792465;0,6792465;
-0,7903046;0;0;0,6127142;
-0,3964736;0;0;-0,9180462;
0,4981731;-0,4981731;-0,5018203;0,5018203;
-0,6689512;-0,6689512;0,2291385;0,2291385;
-0,4318042;0;0;0,9019673;
-0,197023;-0,197023;0,6791038;0,6791038;
-0,7904146;0;0;0,6125723;
-0,3973156;0;0;-0,9176821;
0,4982001;-0,4982001;-0,5017936;0,5017936;
-0,668947;-0,668947;0,2291503;0,2291503;
-0,4317448;0;0;0,9019958;
-0,1985002;-0,1985002;0,6786735;0,6786735;
-0,7907633;0;0;0,6121221;
-0,3997286;0;0;-0,9166336;
0,4982151;-0,4982151;-0,5017785;0,5017785;
-0,668936;-0,668936;0,2291826;0,2291826;
-0,4316691;0;0;0,902032;
-0,1999112;-0,1999112;0,6782592;0,6782592;
-0,7911006;0;0;0,6116861;
-0,4021671;0;0;-0,9155664;
0,4982512;-0,4982512;-0,5017428;0,5017428;
-0,6689223;-0,6689223;0,2292226;0,2292226;
-0,4316097;0;0;0,9020604;
-0,2013338;-0,2013338;0,6778383;0,6778383;
-0,7914011;0;0;0,6112972;
-0,4045694;0;0;-0,9145073;
0,4982602;-0,4982602;-0,5017337;0,5017337;
-0,6689223;-0,6689223;0,2292226;0,2292226;
-0,4315448;0;0;0,9020915;
-0,2027837;-0,2027837;0,677406;0,677406;
-0,7917088;0;0;0,6108987;
-0,4070072;0;0;-0,913425;
0,4983113;-0,4983113;-0,501683;0,501683;
-0,6689085;-0,6689085;0,2292627;0,2292627;
-0,4315124;0;0;0,902107;
-0,2032666;-0,2032666;0,6772612;0,6772612;
-0,7918149;0;0;0,6107611;
-0,4078502;0;0;-0,9130489;
0,4983023;-0,4983023;-0,501692;0,501692;
-0,6689072;-0,6689072;0,2292667;0,2292667;
-0,4314961;0;0;0,9021148;
-0,2042488;-0,2042488;0,6769656;0,6769656;
-0,7920052;0;0;0,6105143;
-0,4094859;0;0;-0,9123165;
0,4983294;-0,4983294;-0,5016651;0,5016651;
-0,6688934;-0,6688934;0,2293069;0,2293069;
-0,4314529;0;0;0,9021355;
-0,2052264;-0,2052264;0,6766699;0,6766699;
-0,7921808;0;0;0,6102865;
-0,4111097;0;0;-0,9115859;
0,4983564;-0,4983564;-0,5016382;0,5016382;
-0,6688948;-0,6688948;0,2293029;0,2293029;
-0,4314421;0;0;0,9021406;
-0,2057173;-0,2057173;0,6765208;0,6765208;
-0,7922723;0;0;0,6101677;
-0,4119236;0;0;-0,9112183;
0,4983775;-0,4983775;-0,5016173;0,5016173;
-0,6688865;-0,6688865;0,229327;0,229327;
-0,4313718;0;0;0,9021742;
-0,2072493;-0,2072493;0,676053;0,676053;
-0,7925501;0;0;0,6098068;
-0,4142547;0;0;-0,9101611;
0,4984406;-0,4984406;-0,5015545;0,5015545;
-0,6688728;-0,6688728;0,229367;0,229367;
-0,4313177;0;0;0,9022001;
-0,2082379;-0,2082379;0,6757492;0,6757492;
-0,7927292;0;0;0,6095741;
-0,4158088;0;0;-0,9094521;
0,4984467;-0,4984467;-0,5015485;0,5015485;
-0,6688659;-0,6688659;0,2293872;0,2293872;
-0,4312853;0;0;0,9022156;
-0,2092339;-0,2092339;0,6754415;0,6754415;
-0,7928716;0;0;0,6093888;
-0,4173945;0;0;-0,9087253;
0,4984738;-0,4984738;-0,5015216;0,5015216;
-0,6688563;-0,6688563;0,2294151;0,2294151;
-0,4312367;0;0;0,9022388;
-0,2107354;-0,2107354;0,6749745;0,6749745;
-0,7931236;0;0;0,6090607;
-0,419779;0;0;-0,9076264;
0,4984917;-0,4984917;-0,5015037;0,5015037;
-0,6688426;-0,6688426;0,2294552;0,2294552;
-0,4311827;0;0;0,9022647;
-0,2112208;-0,2112208;0,6748227;0,6748227;
-0,7932037;0;0;0,6089564;
-0,420535;0;0;-0,9072763;
0,4984948;-0,4984948;-0,5015007;0,5015007;
-0,6688384;-0,6688384;0,2294672;0,2294672;
-0,4311501;0;0;0,9022802;
-0,2126804;-0,2126804;0,6743641;0,6743641;
-0,7934154;0;0;0,6086806;
-0,4229536;0;0;-0,9061514;
0,4984948;-0,4984948;-0,5015007;0,5015007;
-0,6688178;-0,6688178;0,2295275;0,2295275;
-0,4310907;0;0;0,9023086;
-0,2141553;-0,2141553;0,6738973;0,6738973;
-0,7936378;0;0;0,6083906;
-0,425364;0;0;-0,9050223;
0,4985188;-0,4985188;-0,5014768;0,5014768;
-0,6688081;-0,6688081;0,2295555;0,2295555;
-0,4310202;0;0;0,9023423;
-0,2157016;-0,2157016;0,6734039;0,6734039;
-0,7938311;0;0;0,6081384;
-0,4276627;0;0;-0,9039385;
0,4985278;-0,4985278;-0,5014679;0,5014679;
-0,6687998;-0,6687998;0,2295797;0,2295797;
-0,4309445;0;0;0,9023784;
-0,2172468;-0,2172468;0,672907;0,672907;
-0,7940424;0;0;0,6078624;
-0,4299208;0;0;-0,9028667;
0,4985369;-0,4985369;-0,5014589;0,5014589;
-0,6687902;-0,6687902;0,2296077;0,2296077;
-0,4309283;0;0;0,9023862;
-0,2177509;-0,2177509;0,672744;0,672744;
-0,7941006;0;0;0,6077863;
-0,4306998;0;0;-0,9024953;
0,4985518;-0,4985518;-0,501444;0,501444;
-0,6687847;-0,6687847;0,2296238;0,2296238;
-0,4308959;0;0;0,9024017;
-0,2193188;-0,2193188;0,6722345;0,6722345;
-0,7942973;0;0;0,6075293;
-0,4329764;0;0;-0,9014052;
0,4985518;-0,4985518;-0,501444;0,501444;
-0,6687723;-0,6687723;0,2296599;0,2296599;
-0,4308526;0;0;0,9024223;
-0,2198343;-0,2198343;0,6720662;0,6720662;
-0,7943519;0;0;0,6074579;
-0,433738;0;0;-0,901039;
0,4985579;-0,4985579;-0,5014379;0,5014379;
-0,6687668;-0,6687668;0,2296759;0,2296759;
-0,4308039;0;0;0,9024456;
-0,2208291;-0,2208291;0,6717399;0,6717399;
-0,7944721;0;0;0,6073007;
-0,4352553;0;0;-0,9003072;
0,4985819;-0,4985819;-0,5014141;0,5014141;
-0,6687654;-0,6687654;0,2296798;0,2296798;
-0,4307661;0;0;0,9024636;
-0,2218113;-0,2218113;0,6714163;0,6714163;
-0,7945884;0;0;0,6071484;
-0,4368248;0;0;-0,8995466;
0,4985849;-0,4985849;-0,5014111;0,5014111;
-0,6687558;-0,6687558;0,2297079;0,2297079;
-0,4307012;0;0;0,9024946;
-0,2232954;-0,2232954;0,6709241;0,6709241;
-0,7947267;0;0;0,6069674;
-0,4391422;0;0;-0,8984176;
0,4985939;-0,4985939;-0,5014021;0,5014021;
-0,6687489;-0,6687489;0,2297279;0,2297279;
-0,4306742;0;0;0,9025075;
-0,2243287;-0,2243287;0,6705794;0,6705794;
-0,7948432;0;0;0,6068149;
-0,4406815;0;0;-0,8976635;
0,498612;-0,498612;-0,5013843;0,5013843;
-0,6687393;-0,6687393;0,229756;0,229756;
-0,4306255;0;0;0,9025307;
-0,2253532;-0,2253532;0,6702358;0,6702358;
-0,7949377;0;0;0,6066912;
-0,4421661;0;0;-0,8969332;
0,498615;-0,498615;-0,5013813;0,5013813;
-0,6687365;-0,6687365;0,2297641;0,2297641;
-0,430566;0;0;0,9025591;
-0,2269073;-0,2269073;0,6697112;0,6697112;
-0,7950504;0;0;0,6065435;
-0,4443909;0;0;-0,895833;
0,4986449;-0,4986449;-0,5013515;0,5013515;
-0,6687213;-0,6687213;0,2298082;0,2298082;
-0,4304849;0;0;0,9025978;
-0,2285163;-0,2285163;0,6691639;0,6691639;
-0,7951776;0;0;0,6063766;
-0,4465966;0;0;-0,8947355;
0,4986629;-0,4986629;-0,5013335;0,5013335;
-0,6687186;-0,6687186;0,2298163;0,2298163;
-0,4304308;0;0;0,9026236;
-0,2300877;-0,2300877;0,6686252;0,6686252;
-0,7953046;0;0;0,6062101;
-0,4488264;0;0;-0,8936191;
0,498687;-0,498687;-0,5013096;0,5013096;
-0,6687089;-0,6687089;0,2298444;0,2298444;
-0,4303551;0;0;0,9026597;
-0,2316139;-0,2316139;0,6680981;0,6680981;
-0,7953883;0;0;0,6061002;
-0,4511124;0;0;-0,8924672;
0,4986961;-0,4986961;-0,5013005;0,5013005;
-0,6686896;-0,6686896;0,2299005;0,2299005;
-0,4303064;0;0;0,9026829;
-0,2326386;-0,2326386;0,667742;0,667742;
-0,795461;0;0;0,6060049;
-0,4526042;0;0;-0,8917116;
0,4987231;-0,4987231;-0,5012737;0,5012737;
-0,6686896;-0,6686896;0,2299005;0,2299005;
-0,4302793;0;0;0,9026958;
-0,2336589;-0,2336589;0,6673856;0,6673856;
-0,7955117;0;0;0,6059383;
-0,4540841;0;0;-0,8909588;
0,4987172;-0,4987172;-0,5012796;0,5012796;
-0,6686758;-0,6686758;0,2299407;0,2299407;
-0,4302307;0;0;0,902719;
-0,2346626;-0,2346626;0,6670334;0,6670334;
-0,7955444;0;0;0,6058952;
-0,45559;0;0;-0,8901898;
0,4987502;-0,4987502;-0,5012467;0,5012467;
-0,6686744;-0,6686744;0,2299447;0,2299447;
-0,4302035;0;0;0,902732;
-0,2357016;-0,2357016;0,6666669;0,6666669;
-0,7955916;0;0;0,6058334;
-0,4570086;0;0;-0,8894624;
0,4987441;-0,4987441;-0,5012528;0,5012528;
-0,6686538;-0,6686538;0,2300047;0,2300047;
-0,4301493;0;0;0,9027578;
-0,2367602;-0,2367602;0,6662917;0,6662917;
-0,7956206;0;0;0,6057953;
-0,4584422;0;0;-0,8887243;
0,4987562;-0,4987562;-0,5012407;0,5012407;
-0,6686455;-0,6686455;0,2300289;0,2300289;
-0,4301006;0;0;0,902781;
-0,2383808;-0,2383808;0,6657136;0,6657136;
-0,7956679;0;0;0,6057332;
-0,4605719;0;0;-0,8876225;
0,4987923;-0,4987923;-0,5012048;0,5012048;
-0,6686317;-0,6686317;0,2300689;0,2300689;
-0,430052;0;0;0,9028041;
-0,2394377;-0,2394377;0,6653342;0,6653342;
-0,7956824;0;0;0,6057141;
-0,4620135;0;0;-0,8868729;
0,4988043;-0,4988043;-0,5011929;0,5011929;
-0,6686151;-0,6686151;0,2301171;0,2301171;
-0,4300087;0;0;0,9028248;
-0,2404979;-0,2404979;0,6649517;0,6649517;
-0,7956969;0;0;0,6056951;
-0,4634695;0;0;-0,8861129;
0,4988253;-0,4988253;-0,501172;0,501172;
-0,6686096;-0,6686096;0,2301332;0,2301332;
-0,4299654;0;0;0,9028454;
-0,2415578;-0,2415578;0,6645674;0,6645674;
-0,795715;0;0;0,6056713;
-0,4648977;0;0;-0,8853645;
0,4988403;-0,4988403;-0,501157;0,501157;
-0,6685903;-0,6685903;0,2301891;0,2301891;
-0,4299112;0;0;0,9028713;
-0,2431224;-0,2431224;0,6639966;0,6639966;
-0,7957222;0;0;0,6056617;
-0,4670937;0;0;-0,8842079;
0,4988553;-0,4988553;-0,5011421;0,5011421;
-0,6685889;-0,6685889;0,2301933;0,2301933;
-0,4298517;0;0;0,9028996;
-0,2446856;-0,2446856;0,6634222;0,6634222;
-0,7957187;0;0;0,6056665;
-0,4691965;0;0;-0,8830938;
0,4989003;-0,4989003;-0,5010973;0,5010973;
-0,6685778;-0,6685778;0,2302253;0,2302253;
-0,4298029;0;0;0,9029227;
-0,2462316;-0,2462316;0,6628499;0,6628499;
-0,7957222;0;0;0,6056617;
-0,4712281;0;0;-0,8820115;
0,4989093;-0,4989093;-0,5010883;0,5010883;
-0,6685668;-0,6685668;0,2302574;0,2302574;
-0,4297651;0;0;0,9029408;
-0,2467677;-0,2467677;0,6626505;0,6626505;
-0,7957295;0;0;0,6056522;
-0,4719206;0;0;-0,8816411;
0,4989424;-0,4989424;-0,5010554;0,5010554;
-0,6685655;-0,6685655;0,2302614;0,2302614;
-0,4297434;0;0;0,9029511;
-0,2472919;-0,2472919;0,6624551;0,6624551;
-0,7957041;0;0;0,6056856;
-0,4725971;0;0;-0,8812786;
0,4989394;-0,4989394;-0,5010584;0,5010584;
-0,6685641;-0,6685641;0,2302653;0,2302653;
-0,4296731;0;0;0,9029845;
-0,2488913;-0,2488913;0,6618558;0,6618558;
-0,7957187;0;0;0,6056665;
-0,4746614;0;0;-0,8801685;
0,4989754;-0,4989754;-0,5010225;0,5010225;
-0,6685557;-0,6685557;0,2302895;0,2302895;
-0,4296406;0;0;0,903;
-0,2499737;-0,2499737;0,6614478;0,6614478;
-0,795715;0;0;0,6056713;
-0,4759429;0;0;-0,8794762;
0,4989814;-0,4989814;-0,5010166;0,5010166;
-0,6685461;-0,6685461;0,2303175;0,2303175;
-0,4296082;0;0;0,9030154;
-0,2508892;-0,2508892;0,661101;0,661101;
-0,7957004;0;0;0,6056904;
-0,4771288;0;0;-0,8788334;
0,4989934;-0,4989934;-0,5010045;0,5010045;
-0,6685406;-0,6685406;0,2303336;0,2303336;
-0,4295919;0;0;0,9030231;
-0,2517171;-0,2517171;0,6607863;0,6607863;
-0,7956969;0;0;0,6056951;
-0,4782821;0;0;-0,8782063;
0,4990084;-0,4990084;-0,5009896;0,5009896;
-0,668542;-0,668542;0,2303296;0,2303296;
-0,4295919;0;0;0,9030231;
-0,2519349;-0,2519349;0,6607033;0,6607033;
-0,7956788;0;0;0,6057188;
-0,4786401;0;0;-0,8780113;
0,4990025;-0,4990025;-0,5009956;0,5009956;
-0,6685392;-0,6685392;0,2303376;0,2303376;
-0,4295649;0;0;0,903036;
-0,2519666;-0,2519666;0,6606912;0,6606912;
-0,7956896;0;0;0,6057045;
-0,4785559;0;0;-0,8780571;
0,4990025;-0,4990025;-0,5009956;0,5009956;
-0,6685392;-0,6685392;0,2303376;0,2303376;
-0,4295973;0;0;0,9030206;
-0,251931;-0,251931;0,6607048;0,6607048;
-0,7956932;0;0;0,6056998;
-0,47854;0;0;-0,8780657;
0,4990084;-0,4990084;-0,5009896;0,5009896;
-0,6685392;-0,6685392;0,2303376;0,2303376;
-0,4295811;0;0;0,9030283;
-0,2518954;-0,2518954;0,6607183;0,6607183;
-0,7956824;0;0;0,6057141;
-0,4785453;0;0;-0,878063;
0,4990084;-0,4990084;-0,5009896;0,5009896;
-0,6685378;-0,6685378;0,2303416;0,2303416;
-0,4295811;0;0;0,9030283;
-0,2519072;-0,2519072;0,6607139;0,6607139;
-0,7956824;0;0;0,6057141;
-0,4785453;0;0;-0,878063;
0,4990175;-0,4990175;-0,5009806;0,5009806;
-0,6685392;-0,6685392;0,2303376;0,2303376;
-0,429554;0;0;0,9030412;
-0,2518754;-0,2518754;0,660726;0,660726;
-0,7956859;0;0;0,6057094;
-0,4785032;0;0;-0,8780859;
0,4990114;-0,4990114;-0,5009866;0,5009866;
-0,6685433;-0,6685433;0,2303256;0,2303256;
-0,4295595;0;0;0,9030386;
-0,2518835;-0,2518835;0,6607229;0,6607229;
-0,7956824;0;0;0,6057141;
-0,4784822;0;0;-0,8780973;
0,4990084;-0,4990084;-0,5009896;0,5009896;
-0,6685378;-0,6685378;0,2303416;0,2303416;
-0,4295757;0;0;0,9030309;
-0,2519032;-0,2519032;0,6607153;0,6607153;
-0,7956859;0;0;0,6057094;
-0,4784717;0;0;-0,8781029;
0,4990146;-0,4990146;-0,5009835;0,5009835;
-0,6685364;-0,6685364;0,2303456;0,2303456;
-0,4296027;0;0;0,903018;
-0,2519032;-0,2519032;0,6607153;0,6607153;
-0,7956824;0;0;0,6057141;
-0,4784507;0;0;-0,8781145;
0,4990084;-0,4990084;-0,5009896;0,5009896;
-0,6685378;-0,6685378;0,2303416;0,2303416;
-0,4295973;0;0;0,9030206;
-0,2519231;-0,2519231;0,6607078;0,6607078;
-0,7956788;0;0;0,6057188;
-0,4784243;0;0;-0,8781289;
0,4990084;-0,4990084;-0,5009896;0,5009896;
-0,6685406;-0,6685406;0,2303336;0,2303336;
-0,4295919;0;0;0,9030231;
-0,2519032;-0,2519032;0,6607153;0,6607153;
-0,7956788;0;0;0,6057188;
-0,478419;0;0;-0,8781317;
0,4990114;-0,4990114;-0,5009866;0,5009866;
-0,6685323;-0,6685323;0,2303576;0,2303576;
-0,4295703;0;0;0,9030334;
-0,2518993;-0,2518993;0,6607168;0,6607168;
-0,7956859;0;0;0,6057094;
-0,4784033;0;0;-0,8781403;
0,4990114;-0,4990114;-0,5009866;0,5009866;
-0,6685296;-0,6685296;0,2303656;0,2303656;
-0,4295649;0;0;0,903036;
-0,2518954;-0,2518954;0,6607183;0,6607183;
-0,7956824;0;0;0,6057141;
-0,4784296;0;0;-0,878126;
0,4990054;-0,4990054;-0,5009926;0,5009926;
-0,6685296;-0,6685296;0,2303656;0,2303656;
-0,4295649;0;0;0,903036;
-0,2518517;-0,2518517;0,660735;0,660735;
-0,795675;0;0;0,6057237;
-0,4784138;0;0;-0,8781346;
0,4989994;-0,4989994;-0,5009986;0,5009986;
-0,6685199;-0,6685199;0,2303937;0,2303937;
-0,4295649;0;0;0,903036;
-0,251828;-0,251828;0,6607441;0,6607441;
-0,7956932;0;0;0,6056998;
-0,478419;0;0;-0,8781317;
0,4990084;-0,4990084;-0,5009896;0,5009896;
-0,6685226;-0,6685226;0,2303858;0,2303858;
-0,4295649;0;0;0,903036;
-0,2518477;-0,2518477;0,6607366;0,6607366;
-0,7956859;0;0;0,6057094;
-0,478435;0;0;-0,8781231;
0,4990084;-0,4990084;-0,5009896;0,5009896;
-0,6685199;-0,6685199;0,2303937;0,2303937;
-0,4295811;0;0;0,9030283;
-0,2518557;-0,2518557;0,6607335;0,6607335;
-0,7956932;0;0;0,6056998;
-0,4784085;0;0;-0,8781375;
0,4990114;-0,4990114;-0,5009866;0,5009866;
-0,668524;-0,668524;0,2303817;0,2303817;
-0,4295865;0;0;0,9030257;
-0,2518517;-0,2518517;0,660735;0,660735;
-0,7956824;0;0;0,6057141;
-0,4784085;0;0;-0,8781375;
0,4990054;-0,4990054;-0,5009926;0,5009926;
-0,6685226;-0,6685226;0,2303858;0,2303858;
-0,4295757;0;0;0,9030309;
-0,2518517;-0,2518517;0,660735;0,660735;
-0,7956824;0;0;0,6057141;
-0,4784138;0;0;-0,8781346;
0,4990084;-0,4990084;-0,5009896;0,5009896;
-0,6685185;-0,6685185;0,2303977;0,2303977;
-0,4295757;0;0;0,9030309;
-0,2518358;-0,2518358;0,660741;0,660741;
-0,7956859;0;0;0,6057094;
-0,4784085;0;0;-0,8781375;
0,4990146;-0,4990146;-0,5009835;0,5009835;
-0,6685185;-0,6685185;0,2303977;0,2303977;
-0,4295703;0;0;0,9030334;
-0,2518437;-0,2518437;0,6607381;0,6607381;
-0,7956859;0;0;0,6057094;
-0,4784243;0;0;-0,8781289;
0,4990025;-0,4990025;-0,5009956;0,5009956;
-0,6685199;-0,6685199;0,2303937;0,2303937;
-0,4295811;0;0;0,9030283;
-0,2518358;-0,2518358;0,660741;0,660741;
-0,7956824;0;0;0,6057141;
-0,4784243;0;0;-0,8781289;
0,4990054;-0,4990054;-0,5009926;0,5009926;
-0,6685212;-0,6685212;0,2303898;0,2303898;
-0,4295865;0;0;0,9030257;
-0,2518398;-0,2518398;0,6607395;0,6607395;
-0,7956896;0;0;0,6057045;
-0,4784138;0;0;-0,8781346;
0,4989994;-0,4989994;-0,5009986;0,5009986;
-0,6685185;-0,6685185;0,2303977;0,2303977;
-0,4295865;0;0;0,9030257;
-0,2518437;-0,2518437;0,6607381;0,6607381;
-0,7956896;0;0;0,6057045;
-0,4784085;0;0;-0,8781375;
0,4990025;-0,4990025;-0,5009956;0,5009956;
-0,6685212;-0,6685212;0,2303898;0,2303898;
-0,4295703;0;0;0,9030334;
-0,2518398;-0,2518398;0,6607395;0,6607395;
-0,7956859;0;0;0,6057094;
-0,4784243;0;0;-0,8781289;
0,4990146;-0,4990146;-0,5009835;0,5009835;
-0,6685212;-0,6685212;0,2303898;0,2303898;
-0,4295757;0;0;0,9030309;
-0,2518517;-0,2518517;0,660735;0,660735;
-0,7956859;0;0;0,6057094;
-0,4784243;0;0;-0,8781289;
0,4990146;-0,4990146;-0,5009835;0,5009835;
-0,6685199;-0,6685199;0,2303937;0,2303937;
-0,4295649;0;0;0,903036;
-0,2518477;-0,2518477;0,6607366;0,6607366;
-0,7956824;0;0;0,6057141;
-0,4784033;0;0;-0,8781403;
0,4990084;-0,4990084;-0,5009896;0,5009896;
-0,6685185;-0,6685185;0,2303977;0,2303977;
-0,4295703;0;0;0,9030334;
-0,2518398;-0,2518398;0,6607395;0,6607395;
-0,7956859;0;0;0,6057094;
-0,4784243;0;0;-0,8781289;
0,4990114;-0,4990114;-0,5009866;0,5009866;
-0,6685156;-0,6685156;0,2304059;0,2304059;
-0,4295865;0;0;0,9030257;
-0,2518319;-0,2518319;0,6607425;0,6607425;
-0,7956896;0;0;0,6057045;
-0,4784138;0;0;-0,8781346;
0,4990205;-0,4990205;-0,5009776;0,5009776;
-0,6685199;-0,6685199;0,2303937;0,2303937;
-0,4295595;0;0;0,9030386;
-0,2518319;-0,2518319;0,6607425;0,6607425;
-0,7956932;0;0;0,6056998;
-0,4784138;0;0;-0,8781346;
0,4990175;-0,4990175;-0,5009806;0,5009806;
-0,6685171;-0,6685171;0,2304017;0,2304017;
-0,4295811;0;0;0,9030283;
-0,2518358;-0,2518358;0,660741;0,660741;
-0,7956896;0;0;0,6057045;
-0,4783981;0;0;-0,8781431;
0,4990114;-0,4990114;-0,5009866;0,5009866;
-0,6685199;-0,6685199;0,2303937;0,2303937;
-0,4295649;0;0;0,903036;
-0,251828;-0,251828;0,6607441;0,6607441;
-0,7956896;0;0;0,6057045;
-0,4784033;0;0;-0,8781403;
0,4990146;-0,4990146;-0,5009835;0,5009835;
-0,6685199;-0,6685199;0,2303937;0,2303937;
-0,4295703;0;0;0,9030334;
-0,2518358;-0,2518358;0,660741;0,660741;
-0,7956824;0;0;0,6057141;
-0,478377;0;0;-0,8781547;
0,4990205;-0,4990205;-0,5009776;0,5009776;
-0,6685212;-0,6685212;0,2303898;0,2303898;
-0,4295649;0;0;0,903036;
-0,251824;-0,251824;0,6607456;0,6607456;
-0,7956896;0;0;0,6057045;
-0,4783296;0;0;-0,8781804;
0,4990205;-0,4990205;-0,5009776;0,5009776;
-0,6685171;-0,6685171;0,2304017;0,2304017;
-0,4295757;0;0;0,9030309;
-0,2517765;-0,2517765;0,6607637;0,6607637;
-0,7956859;0;0;0,6057094;
-0,4782504;0;0;-0,8782235;
0,4990175;-0,4990175;-0,5009806;0,5009806;
-0,6685226;-0,6685226;0,2303858;0,2303858;
-0,4295865;0;0;0,9030257;
-0,2517092;-0,2517092;0,6607893;0,6607893;
-0,7956824;0;0;0,6057141;
-0,4781874;0;0;-0,8782579;
0,4990264;-0,4990264;-0,5009717;0,5009717;
-0,6685156;-0,6685156;0,2304059;0,2304059;
-0,4295757;0;0;0,9030309;
-0,2515864;-0,2515864;0,660836;0,660836;
-0,7956896;0;0;0,6057045;
-0,478077;0;0;-0,878318;
0,4990205;-0,4990205;-0,5009776;0,5009776;
-0,6685185;-0,6685185;0,2303977;0,2303977;
-0,4295811;0;0;0,9030283;
-0,2514279;-0,2514279;0,6608964;0,6608964;
-0,7956896;0;0;0,6057045;
-0,4779083;0;0;-0,8784098;
0,4990264;-0,4990264;-0,5009717;0,5009717;
-0,6685212;-0,6685212;0,2303898;0,2303898;
-0,4295811;0;0;0,9030283;
-0,2510636;-0,2510636;0,6610349;0,6610349;
-0,7957004;0;0;0,6056904;
-0,4775344;0;0;-0,8786131;
0,4990235;-0,4990235;-0,5009747;0,5009747;
-0,6685212;-0,6685212;0,2303898;0,2303898;
-0,4295703;0;0;0,9030334;
-0,2509249;-0,2509249;0,6610875;0,6610875;
-0,7956896;0;0;0,6057045;
-0,4773289;0;0;-0,8787248;
0,4990146;-0,4990146;-0,5009835;0,5009835;
-0,6685171;-0,6685171;0,2304017;0,2304017;
-0,4296027;0;0;0,903018;
-0,250382;-0,250382;0,6612933;0,6612933;
-0,7957078;0;0;0,6056806;
-0,4765703;0;0;-0,8791364;
0,4990205;-0,4990205;-0,5009776;0,5009776;
-0,668524;-0,668524;0,2303817;0,2303817;
-0,4296136;0;0;0,9030129;
-0,2501681;-0,2501681;0,6613743;0,6613743;
-0,795715;0;0;0,6056713;
-0,4762858;0;0;-0,8792905;
0,4990235;-0,4990235;-0,5009747;0,5009747;
-0,6685212;-0,6685212;0,2303898;0,2303898;
-0,4296244;0;0;0,9030077;
-0,2493433;-0,2493433;0,6616857;0,6616857;
-0,7957222;0;0;0,6056617;
-0,4751151;0;0;-0,8799238;
0,4990175;-0,4990175;-0,5009806;0,5009806;
-0,6685392;-0,6685392;0,2303376;0,2303376;
-0,4296244;0;0;0,9030077;
-0,2490142;-0,2490142;0,6618096;0,6618096;
-0,7957332;0;0;0,6056473;
-0,4746876;0;0;-0,8801543;
0,4990146;-0,4990146;-0,5009835;0,5009835;
-0,668542;-0,668542;0,2303296;0,2303296;
-0,4296839;0;0;0,9029794;
-0,2479112;-0,2479112;0,6622236;0,6622236;
-0,7957222;0;0;0,6056617;
-0,4732783;0;0;-0,8809129;
0,4989904;-0,4989904;-0,5010076;0,5010076;
-0,6685406;-0,6685406;0,2303336;0,2303336;
-0,4297218;0;0;0,9029614;
-0,2471172;-0,2471172;0,6625203;0,6625203;
-0,7957259;0;0;0,6056569;
-0,4722535;0;0;-0,8814628;
0,4989814;-0,4989814;-0,5010166;0,5010166;
-0,6685461;-0,6685461;0,2303175;0,2303175;
-0,4297434;0;0;0,9029511;
-0,2462951;-0,2462951;0,6628263;0,6628263;
-0,7957549;0;0;0,6056188;
-0,4711753;0;0;-0,8820397;
0,4989754;-0,4989754;-0,5010225;0,5010225;
-0,6685572;-0,6685572;0,2302854;0,2302854;
-0,4297705;0;0;0,9029382;
-0,244948;-0,244948;0,6633253;0,6633253;
-0,7957477;0;0;0,6056283;
-0,4694666;0;0;-0,8829503;
0,4989424;-0,4989424;-0,5010554;0,5010554;
-0,6685557;-0,6685557;0,2302895;0,2302895;
-0,4298029;0;0;0,9029227;
-0,2440056;-0,2440056;0,6636726;0,6636726;
-0,7957477;0;0;0,6056283;
-0,4682541;0;0;-0,883594;
0,4989364;-0,4989364;-0,5010614;0,5010614;
-0,6685751;-0,6685751;0,2302332;0,2302332;
-0,4298571;0;0;0,902897;
-0,2430906;-0,2430906;0,6640083;0,6640083;
-0,7957477;0;0;0,6056283;
-0,4669027;0;0;-0,8843088;
0,4989184;-0,4989184;-0,5010794;0,5010794;
-0,6685737;-0,6685737;0,2302373;0,2302373;
-0,4299546;0;0;0,9028505;
-0,2416134;-0,2416134;0,6645472;0,6645472;
-0,7957477;0;0;0,6056283;
-0,4647651;0;0;-0,885434;
0,4989003;-0,4989003;-0,5010973;0,5010973;
-0,6685959;-0,6685959;0,2301731;0,2301731;
-0,4300249;0;0;0,902817;
-0,239992;-0,239992;0,6651344;0,6651344;
-0,7957259;0;0;0,6056569;
-0,4625555;0;0;-0,8865904;
0,4988643;-0,4988643;-0,5011331;0,5011331;
-0,6686041;-0,6686041;0,2301492;0,2301492;
-0,4300303;0;0;0,9028144;
-0,2394537;-0,2394537;0,6653284;0,6653284;
-0,7957041;0;0;0,6056856;
-0,4618486;0;0;-0,8869588;
0,4988614;-0,4988614;-0,5011361;0,5011361;
-0,6686096;-0,6686096;0,2301332;0,2301332;
-0,4300682;0;0;0,9027964;
-0,237794;-0,237794;0,6659234;0,6659234;
-0,7956896;0;0;0,6057045;
-0,4596673;0;0;-0,8880911;
0,4988374;-0,4988374;-0,50116;0,50116;
-0,6686165;-0,6686165;0,230113;0,230113;
-0,4301006;0;0;0,902781;
-0,2372594;-0,2372594;0,6661141;0,6661141;
-0,7956642;0;0;0,605738;
-0,4589536;0;0;-0,8884603;
0,4988283;-0,4988283;-0,501169;0,501169;
-0,668622;-0,668622;0,230097;0,230097;
-0,4301656;0;0;0,90275;
-0,2356178;-0,2356178;0,6666965;0,6666965;
-0,7956134;0;0;0,6058047;
-0,45679;0;0;-0,8895746;
0,4988223;-0,4988223;-0,501175;0,501175;
-0,6686372;-0,6686372;0,2300529;0,2300529;
-0,4301818;0;0;0,9027423;
-0,2350783;-0,2350783;0,666887;0,666887;
-0,7956025;0;0;0,605819;
-0,4560592;0;0;-0,8899495;
0,4988102;-0,4988102;-0,501187;0,501187;
-0,6686441;-0,6686441;0,2300328;0,2300328;
-0,4302143;0;0;0,9027268;
-0,2335468;-0,2335468;0,6674249;0,6674249;
-0,7955263;0;0;0,6059191;
-0,4537746;0;0;-0,8911166;
0,4987983;-0,4987983;-0,5011989;0,5011989;
-0,6686621;-0,6686621;0,2299806;0,2299806;
-0,4303064;0;0;0,9026829;
-0,2320062;-0,2320062;0,667962;0,667962;
-0,7954428;0;0;0,6060287;
-0,4514867;0;0;-0,8922779;
0,4987683;-0,4987683;-0,5012287;0,5012287;
-0,6686772;-0,6686772;0,2299367;0,2299367;
-0,4303389;0;0;0,9026675;
-0,2314819;-0,2314819;0,6681439;0,6681439;
-0,7954173;0;0;0,6060621;
-0,4506843;0;0;-0,8926834;
0,4987683;-0,4987683;-0,5012287;0,5012287;
-0,66868;-0,66868;0,2299286;0,2299286;
-0,4304254;0;0;0,9026262;
-0,2299394;-0,2299394;0,6686763;0,6686763;
-0,7953082;0;0;0,6062053;
-0,4484352;0;0;-0,8938153;
0,4987441;-0,4987441;-0,5012528;0,5012528;
-0,6686869;-0,6686869;0,2299086;0,2299086;
-0,4304794;0;0;0,9026004;
-0,2283436;-0,2283436;0,6692228;0,6692228;
-0,7952065;0;0;0,6063388;
-0,4461998;0;0;-0,8949333;
0,4987382;-0,4987382;-0,5012587;0,5012587;
-0,6686938;-0,6686938;0,2298885;0,2298885;
-0,4305335;0;0;0,9025746;
-0,2267066;-0,2267066;0,6697792;0,6697792;
-0,7950613;0;0;0,6065291;
-0,4440041;0;0;-0,8960248;
0,498708;-0,498708;-0,5012887;0,5012887;
-0,6687117;-0,6687117;0,2298364;0,2298364;
-0,4305714;0;0;0,9025565;
-0,2261687;-0,2261687;0,669961;0,669961;
-0,7950177;0;0;0,6065864;
-0,4432735;0;0;-0,8963865;
0,498711;-0,498711;-0,5012857;0,5012857;
-0,6687075;-0,6687075;0,2298485;0,2298485;
-0,4306309;0;0;0,9025282;
-0,2245739;-0,2245739;0,6704973;0,6704973;
-0,7948903;0;0;0,6067531;
-0,4409941;0;0;-0,8975101;
0,498675;-0,498675;-0,5013215;0,5013215;
-0,6687158;-0,6687158;0,2298243;0,2298243;
-0,4306688;0;0;0,90251;
-0,2230302;-0,2230302;0,6710123;0,6710123;
-0,794723;0;0;0,6069722;
-0,4386249;0;0;-0,8986703;
0,498666;-0,498666;-0,5013305;0,5013305;
-0,6687199;-0,6687199;0,2298122;0,2298122;
-0,430712;0;0;0,9024894;
-0,2225515;-0,2225515;0,6711712;0,6711712;
-0,7946721;0;0;0,6070389;
-0,4378437;0;0;-0,8990511;
0,4986629;-0,4986629;-0,5013335;0,5013335;
-0,6687295;-0,6687295;0,2297843;0,2297843;
-0,4307553;0;0;0,9024688;
-0,2220608;-0,2220608;0,6713337;0,6713337;
-0,7946176;0;0;0,6071103;
-0,4370676;0;0;-0,8994286;
0,498633;-0,498633;-0,5013633;0,5013633;
-0,6687295;-0,6687295;0,2297843;0,2297843;
-0,4307877;0;0;0,9024533;
-0,2205472;-0,2205472;0,6718326;0,6718326;
-0,7944574;0;0;0,6073199;
-0,4347208;0;0;-0,9005653;
0,49863;-0,49863;-0,5013663;0,5013663;
-0,6687407;-0,6687407;0,229752;0,229752;
-0,4308634;0;0;0,9024171;
-0,2189802;-0,2189802;0,6723449;0,6723449;
-0,7942827;0;0;0,6075484;
-0,4324522;0;0;-0,9016569;
0,4986089;-0,4986089;-0,5013872;0,5013872;
-0,6687462;-0,6687462;0,229736;0,229736;
-0,4308959;0;0;0,9024017;
-0,2184563;-0,2184563;0,6725153;0,6725153;
-0,7942208;0;0;0,6076293;
-0,4316846;0;0;-0,9020247;
0,4985999;-0,4985999;-0,5013962;0,5013962;
-0,668753;-0,668753;0,2297159;0,2297159;
-0,4309229;0;0;0,9023888;
-0,2168799;-0,2168799;0,6730254;0,6730254;
-0,7940314;0;0;0,6078767;
-0,4293798;0;0;-0,9031241;
0,4985758;-0,4985758;-0,5014201;0,5014201;
-0,6687668;-0,6687668;0,2296759;0,2296759;
-0,4310094;0;0;0,9023474;
-0,2153262;-0,2153262;0,673524;0,673524;
-0,7938238;0;0;0,6081478;
-0,4270884;0;0;-0,90421;
0,4985548;-0,4985548;-0,5014411;0,5014411;
-0,6687723;-0,6687723;0,2296599;0,2296599;
-0,4310419;0;0;0,9023319;
-0,2138281;-0,2138281;0,6740012;0,6740012;
-0,7936013;0;0;0,6084381;
-0,424653;0;0;-0,9053562;
0,4985369;-0,4985369;-0,5014589;0,5014589;
-0,6687943;-0,6687943;0,2295958;0,2295958;
-0,4310637;0;0;0,9023215;
-0,2133511;-0,2133511;0,6741523;0,6741523;
-0,793532;0;0;0,6085285;
-0,4238659;0;0;-0,905725;
0,4985188;-0,4985188;-0,5014768;0,5014768;
-0,668793;-0,668793;0,2295997;0,2295997;
-0,4311231;0;0;0,9022931;
-0,2118841;-0,2118841;0,6746148;0,6746148;
-0,793317;0;0;0,6088088;
-0,4214213;0;0;-0,9068649;
0,4984978;-0,4984978;-0,5014978;0,5014978;
-0,6688108;-0,6688108;0,2295476;0,2295476;
-0,4312096;0;0;0,9022518;
-0,2103833;-0,2103833;0,6750844;0,6750844;
-0,7930761;0;0;0,6091226;
-0,4190552;0;0;-0,9079608;
0,4984708;-0,4984708;-0,5015246;0,5015246;
-0,6688315;-0,6688315;0,2294874;0,2294874;
-0,4312475;0;0;0,9022337;
-0,2093877;-0,2093877;0,6753938;0,6753938;
-0,7929264;0;0;0,6093175;
-0,417509;0;0;-0,9086729;
0,4984376;-0,4984376;-0,5015575;0,5015575;
-0,6688356;-0,6688356;0,2294752;0,2294752;
-0,4312907;0;0;0,902213;
-0,2083959;-0,2083959;0,6757005;0,6757005;
-0,7927656;0;0;0,6095266;
-0,4159234;0;0;-0,9093997;
0,4984166;-0,4984166;-0,5015785;0,5015785;
-0,6688467;-0,6688467;0,2294431;0,2294431;
-0,4313448;0;0;0,9021872;
-0,2068443;-0,2068443;0,6761771;0,6761771;
-0,7925098;0;0;0,6098592;
-0,4135779;0;0;-0,9104687;
0,4983624;-0,4983624;-0,5016323;0,5016323;
-0,6688631;-0,6688631;0,2293953;0,2293953;
-0,4313826;0;0;0,902169;
-0,2058348;-0,2058348;0,6764851;0,6764851;
-0,7923051;0;0;0,6101251;
-0,4120111;0;0;-0,9111789;
0,4983264;-0,4983264;-0,501668;0,501668;
-0,6688659;-0,6688659;0,2293872;0,2293872;
-0,4314421;0;0;0,9021406;
-0,2043625;-0,2043625;0,6769313;0,6769313;
-0,7920383;0;0;0,6104714;
-0,4096447;0;0;-0,9122452;
0,4982993;-0,4982993;-0,501695;0,501695;
-0,6688797;-0,6688797;0,229347;0,229347;
-0,4315015;0;0;0,9021122;
-0,2029256;-0,2029256;0,6773635;0,6773635;
-0,7917637;0;0;0,6108276;
-0,4070783;0;0;-0,9133933;
0,4982722;-0,4982722;-0,5017219;0,5017219;
-0,6688893;-0,6688893;0,2293189;0,2293189;
-0,4315772;0;0;0,902076;
-0,2014799;-0,2014799;0,6777949;0,6777949;
-0,7914267;0;0;0,6112641;
-0,404679;0;0;-0,9144588;
0,4982512;-0,4982512;-0,5017428;0,5017428;
-0,6688975;-0,6688975;0,2292949;0,2292949;
-0,4315934;0;0;0,9020683;
-0,2010086;-0,2010086;0,6779348;0,6779348;
-0,7913316;0;0;0,6113872;
-0,4038731;0;0;-0,914815;
0,4982482;-0,4982482;-0,5017458;0,5017458;
-0,6689044;-0,6689044;0,2292747;0,2292747;
-0,4316637;0;0;0,9020346;
-0,1995658;-0,1995658;0,6783609;0,6783609;
-0,7909981;0;0;0,6118186;
-0,4014862;0;0;-0,915865;
0,4982451;-0,4982451;-0,5017487;0,5017487;
-0,6689085;-0,6689085;0,2292627;0,2292627;
-0,4316745;0;0;0,9020295;
-0,1990695;-0,1990695;0,6785067;0,6785067;
-0,790888;0;0;0,611961;
-0,4006794;0;0;-0,9162184;
0,4982451;-0,4982451;-0,5017487;0,5017487;
-0,6689154;-0,6689154;0,2292427;0,2292427;
-0,4317394;0;0;0,9019984;
-0,1975846;-0,1975846;0,6789406;0,6789406;
-0,7905396;0;0;0,612411;
-0,3982888;0;0;-0,9172601;
0,4982212;-0,4982212;-0,5017726;0,5017726;
-0,6689264;-0,6689264;0,2292105;0,2292105;
-0,4317718;0;0;0,9019829;
-0,1966283;-0,1966283;0,6792182;0,6792182;
-0,7903119;0;0;0,6127048;
-0,3966057;0;0;-0,917989;
0,4982241;-0,4982241;-0,5017696;0,5017696;
-0,6689305;-0,6689305;0,2291986;0,2291986;
-0,4317989;0;0;0,90197;
-0,1961275;-0,1961275;0,679363;0,679363;
-0,7902017;0;0;0,6128469;
-0,3957581;0;0;-0,9183548;
0,4982212;-0,4982212;-0,5017726;0,5017726;
-0,6689374;-0,6689374;0,2291785;0,2291785;
-0,4318475;0;0;0,9019467;
-0,1946774;-0,1946774;0,6797799;0,6797799;
-0,7898417;0;0;0,6133108;
-0,3932633;0;0;-0,919426;
0,4982001;-0,4982001;-0,5017936;0,5017936;
-0,668936;-0,668936;0,2291826;0,2291826;
-0,4319287;0;0;0,9019077;
-0,1933039;-0,1933039;0,6801717;0,6801717;
-0,7894814;0;0;0,6137745;
-0,3907872;0;0;-0,9204811;
0,498188;-0,498188;-0,5018055;0,5018055;
-0,6689539;-0,6689539;0,2291304;0,2291304;
-0,4319665;0;0;0,9018896;
-0,1924067;-0,1924067;0,6804261;0,6804261;
-0,7892422;0;0;0,614082;
-0,389181;0;0;-0,9211614;
0,498182;-0,498182;-0,5018114;0,5018114;
-0,6689608;-0,6689608;0,2291104;0,2291104;
-0,4320206;0;0;0,9018638;
-0,1910278;-0,1910278;0,6808145;0,6808145;
-0,7888703;0;0;0,6145597;
-0,386728;0;0;-0,9221939;
0,498152;-0,498152;-0,5018412;0,5018412;
-0,6689759;-0,6689759;0,2290661;0,2290661;
-0,4320638;0;0;0,9018431;
-0,1896115;-0,1896115;0,6812103;0,6812103;
-0,7884835;0;0;0,6150559;
-0,3842837;0;0;-0,9232152;
0,498149;-0,498149;-0,5018442;0,5018442;
-0,6689869;-0,6689869;0,229034;0,229034;
-0,4321125;0;0;0,9018197;
-0,1891501;-0,1891501;0,6813386;0,6813386;
-0,7883507;0;0;0,6152262;
-0,3834643;0;0;-0,9235558;
0,4981279;-0,4981279;-0,5018651;0,5018651;
-0,6689896;-0,6689896;0,2290261;0,2290261;
-0,4321665;0;0;0,9017938;
-0,187753;-0,187753;0,6817249;0,6817249;
-0,7879451;0;0;0,6157455;
-0,380933;0;0;-0,9246027;
0,4981219;-0,4981219;-0,501871;0,501871;
-0,669002;-0,669002;0,2289899;0,2289899;
-0,4322151;0;0;0,9017705;
-0,18631;-0,18631;0,6821207;0,6821207;
-0,7875243;0;0;0,6162837;
-0,3783825;0;0;-0,9256493;
0,4980948;-0,4980948;-0,501898;0,501898;
-0,6690089;-0,6690089;0,2289698;0,2289698;
-0,4322421;0;0;0,9017576;
-0,1858398;-0,1858398;0,6822489;0,6822489;
-0,7873654;0;0;0,6164866;
-0,3775498;0;0;-0,9259893;
0,4980887;-0,4980887;-0,5019041;0,5019041;
-0,6690157;-0,6690157;0,2289498;0,2289498;
-0,4322745;0;0;0,901742;
-0,1849113;-0,1849113;0,6825011;0,6825011;
-0,7870809;0;0;0,6168498;
-0,3758785;0;0;-0,926669;
0,4980676;-0,4980676;-0,501925;0,501925;
-0,6690267;-0,6690267;0,2289175;0,2289175;
-0,432334;0;0;0,9017136;
-0,1840195;-0,1840195;0,6827422;0,6827422;
-0,7867849;0;0;0,6172273;
-0,3742172;0;0;-0,927341;
0,4980527;-0,4980527;-0,5019398;0,5019398;
-0,6690282;-0,6690282;0,2289135;0,2289135;
-0,4323718;0;0;0,9016954;
-0,1831351;-0,1831351;0,6829799;0,6829799;
-0,7865038;0;0;0,6175854;
-0,3725436;0;0;-0,9280148;
0,4980527;-0,4980527;-0,5019398;0,5019398;
-0,6690419;-0,6690419;0,2288734;0,2288734;
-0,4324042;0;0;0,9016799;
-0,1822467;-0,1822467;0,6832175;0,6832175;
-0,7861964;0;0;0,6179768;
-0,3708964;0;0;-0,9286742;
0,4980316;-0,4980316;-0,5019607;0,5019607;
-0,6690432;-0,6690432;0,2288694;0,2288694;
-0,4324637;0;0;0,9016514;
-0,1813702;-0,1813702;0,6834507;0,6834507;
-0,7858816;0;0;0,618377;
-0,3692091;0;0;-0,9293463;
0,4980136;-0,4980136;-0,5019786;0,5019786;
-0,6690446;-0,6690446;0,2288656;0,2288656;
-0,4324961;0;0;0,9016358;
-0,1804893;-0,1804893;0,6836839;0,6836839;
-0,7855702;0;0;0,6187725;
-0,3674928;0;0;-0,9300264;
0,4979985;-0,4979985;-0,5019936;0,5019936;
-0,6690596;-0,6690596;0,2288215;0,2288215;
-0,4325609;0;0;0,9016047;
-0,1795877;-0,1795877;0,6839213;0,6839213;
-0,7852772;0;0;0,6191444;
-0,3657586;0;0;-0,9307098;
0,4979804;-0,4979804;-0,5020115;0,5020115;
-0,6690555;-0,6690555;0,2288335;0,2288335;
-0,4325987;0;0;0,9015866;
-0,1782017;-0,1782017;0,6842837;0,6842837;
-0,784791;0;0;0,6197606;
-0,3631689;0;0;-0,9317234;
0,4979685;-0,4979685;-0,5020233;0,5020233;
-0,6690569;-0,6690569;0,2288295;0,2288295;
-0,4326203;0;0;0,9015762;
-0,1777504;-0,1777504;0,6844011;0,6844011;
-0,7846349;0;0;0,6199581;
-0,3623419;0;0;-0,9320452;
0,4979563;-0,4979563;-0,5020354;0,5020354;
-0,6690665;-0,6690665;0,2288014;0,2288014;
-0,432707;0;0;0,9015347;
-0,1764168;-0,1764168;0,6847461;0,6847461;
-0,7841331;0;0;0,6205927;
-0,3598379;0;0;-0,9330149;
0,4979263;-0,4979263;-0,5020652;0,5020652;
-0,6690761;-0,6690761;0,2287734;0,2287734;
-0,432707;0;0;0,9015347;
-0,1759859;-0,1759859;0,6848569;0,6848569;
-0,7839621;0;0;0,6208087;
-0,3589878;0;0;-0,9333423;
0,4979384;-0,4979384;-0,5020532;0,5020532;
-0,669072;-0,669072;0,2287853;0,2287853;
-0,432788;0;0;0,9014958;
-0,1746718;-0,1746718;0,6851932;0,6851932;
-0,7834483;0;0;0,6214569;
-0,3564243;0;0;-0,9343243;
0,4979112;-0,4979112;-0,5020801;0,5020801;
-0,6690871;-0,6690871;0,2287412;0,2287412;
-0,4327826;0;0;0,9014983;
-0,1742282;-0,1742282;0,6853062;0,6853062;
-0,7832807;0;0;0,6216682;
-0,3555841;0;0;-0,9346443;
0,4979112;-0,4979112;-0,5020801;0,5020801;
-0,6690857;-0,6690857;0,2287453;0,2287453;
-0,432869;0;0;0,9014568;
-0,172934;-0,172934;0,6856339;0,6856339;
-0,7827327;0;0;0,622358;
-0,3530113;0;0;-0,9356191;
0,497866;-0,497866;-0,5021248;0,5021248;
-0,669094;-0,669094;0,228721;0,228721;
-0,4329014;0;0;0,9014413;
-0,1716801;-0,1716801;0,685949;0,685949;
-0,782199;0;0;0,6230286;
-0,3503518;0;0;-0,9366183;
0,4978692;-0,4978692;-0,5021218;0,5021218;
-0,6691008;-0,6691008;0,2287009;0,2287009;
-0,4329176;0;0;0,9014335;
-0,1712485;-0,1712485;0,6860569;0,6860569;
-0,782005;0;0;0,6232722;
-0,3494419;0;0;-0,9369581;
0,4978511;-0,4978511;-0,5021397;0,5021397;
-0,6691049;-0,6691049;0,228689;0,228689;
-0,4329662;0;0;0,9014102;
-0,1703641;-0,1703641;0,686277;0,686277;
-0,781635;0;0;0,6237361;
-0,3477232;0;0;-0,9375973;
0,497839;-0,497839;-0,5021517;0,5021517;
-0,66912;-0,66912;0,2286449;0,2286449;
-0,4329878;0;0;0,9013998;
-0,1695043;-0,1695043;0,6864899;0,6864899;
-0,7812648;0;0;0,6241997;
-0,3460255;0;0;-0,9382252;
0,497833;-0,497833;-0,5021577;0,5021577;
-0,6691173;-0,6691173;0,2286528;0,2286528;
-0,4330419;0;0;0,9013738;
-0,1686236;-0,1686236;0,6867067;0,6867067;
-0,7808757;0;0;0,6246864;
-0,3443152;0;0;-0,9388542;
0,497806;-0,497806;-0,5021845;0,5021845;
-0,6691269;-0,6691269;0,2286247;0,2286247;
-0,4331174;0;0;0,9013375;
-0,1673802;-0,1673802;0,6870108;0,6870108;
-0,7803139;0;0;0,625388;
-0,3417425;0;0;-0,9397936;
0,4977758;-0,4977758;-0,5022144;0,5022144;
-0,6691297;-0,6691297;0,2286166;0,2286166;
-0,4331607;0;0;0,9013168;
-0,16654;-0,16654;0,687215;0,687215;
-0,7799277;0;0;0,6258696;
-0,3400238;0;0;-0,9404169;
0,4977789;-0,4977789;-0,5022113;0,5022113;
-0,6691461;-0,6691461;0,2285687;0,2285687;
-0,4332201;0;0;0,9012882;
-0,1653039;-0,1653039;0,6875134;0,6875134;
-0,779316;0;0;0,6266311;
-0,3373675;0;0;-0,9413731;
0,4977367;-0,4977367;-0,5022532;0,5022532;
-0,6691529;-0,6691529;0,2285486;0,2285486;
-0,4332741;0;0;0,9012622;
-0,1640425;-0,1640425;0,6878154;0,6878154;
-0,7787036;0;0;0,6273921;
-0,3346917;0;0;-0,9423277;
0,4977427;-0,4977427;-0,5022473;0,5022473;
-0,6691625;-0,6691625;0,2285204;0,2285204;
-0,4333011;0;0;0,9012492;
-0,1636427;-0,1636427;0,6879107;0,6879107;
-0,7785043;0;0;0,6276394;
-0,3338275;0;0;-0,9426342;
0,4977306;-0,4977306;-0,5022591;0,5022591;
-0,6691666;-0,6691666;0,2285083;0,2285083;
-0,4333659;0;0;0,9012181;
-0,1624053;-0,1624053;0,6882039;0,6882039;
-0,7778758;0;0;0,6284181;
-0,3312331;0;0;-0,943549;
0,4977035;-0,4977035;-0,5022861;0,5022861;
-0,6691762;-0,6691762;0,2284803;0,2284803;
-0,4334361;0;0;0,9011843;
-0,1611631;-0,1611631;0,6884958;0,6884958;
-0,777239;0;0;0,6292055;
-0,3286924;0;0;-0,9444371;
0,4976794;-0,4976794;-0,5023099;0,5023099;
-0,6691913;-0,6691913;0,2284361;0,2284361;
-0,4334307;0;0;0,9011869;
-0,1607753;-0,1607753;0,6885865;0,6885865;
-0,7770315;0;0;0,6294617;
-0,3278151;0;0;-0,944742;
0,4976794;-0,4976794;-0,5023099;0,5023099;
-0,6691913;-0,6691913;0,2284361;0,2284361;
-0,4334901;0;0;0,9011583;
-0,1599457;-0,1599457;0,6887797;0,6887797;
-0,7766201;0;0;0,6299692;
-0,3261044;0;0;-0,9453338;
0,4976644;-0,4976644;-0,5023248;0,5023248;
-0,6692064;-0,6692064;0,228392;0,228392;
-0,4335009;0;0;0,9011531;
-0,1595658;-0,1595658;0,6888677;0,6888677;
-0,7764087;0;0;0,6302298;
-0,3252375;0;0;-0,9456323;
0,4976433;-0,4976433;-0,5023456;0,5023456;
-0,6692064;-0,6692064;0,228392;0,228392;
-0,433528;0;0;0,9011401;
-0,1591818;-0,1591818;0,6889566;0,6889566;
-0,7761897;0;0;0,6304994;
-0,3243533;0;0;-0,9459361;
0,4976493;-0,4976493;-0,5023397;0,5023397;
-0,6692036;-0,6692036;0,2284;0,2284;
-0,4335929;0;0;0,9011089;
-0,1583968;-0,1583968;0,6891375;0,6891375;
-0,775755;0;0;0,6310343;
-0,3226065;0;0;-0,9465333;
0,4976433;-0,4976433;-0,5023456;0,5023456;
-0,6692159;-0,6692159;0,2283639;0,2283639;
-0,433636;0;0;0,9010881;
-0,1572524;-0,1572524;0,6893995;0,6893995;
-0,7751079;0;0;0,631829;
-0,3200523;0;0;-0,9473999;
0,4976102;-0,4976102;-0,5023785;0,5023785;
-0,6692173;-0,6692173;0,22836;0,22836;
-0,4336684;0;0;0,9010725;
-0,1569549;-0,1569549;0,6894673;0,6894673;
-0,7749374;0;0;0,6320381;
-0,319422;0;0;-0,9476126;
0,4976133;-0,4976133;-0,5023754;0,5023754;
-0,6692187;-0,6692187;0,2283558;0,2283558;
-0,4336792;0;0;0,9010673;
-0,1563306;-0,1563306;0,6896091;0,6896091;
-0,7745698;0;0;0,6324884;
-0,3180813;0;0;-0,9480635;
0,4976102;-0,4976102;-0,5023785;0,5023785;
-0,6692269;-0,6692269;0,2283318;0,2283318;
-0,4337008;0;0;0,9010569;
-0,1562108;-0,1562108;0,6896363;0,6896363;
-0,7745245;0;0;0,632544;
-0,3178143;0;0;-0,948153;
0,4976102;-0,4976102;-0,5023785;0,5023785;
-0,6692269;-0,6692269;0,2283318;0,2283318;
-0,433663;0;0;0,9010751;
-0,1561365;-0,1561365;0,6896531;0,6896531;
-0,7745129;0;0;0,632558;
-0,3177915;0;0;-0,9481607;
0,4976163;-0,4976163;-0,5023724;0,5023724;
-0,6692255;-0,6692255;0,2283358;0,2283358;
-0,4336523;0;0;0,9010803;
-0,1561447;-0,1561447;0,6896513;0,6896513;
-0,7745206;0;0;0,6325488;
-0,3177801;0;0;-0,9481644;
0,4976042;-0,4976042;-0,5023844;0,5023844;
-0,6692269;-0,6692269;0,2283318;0,2283318;
-0,4336738;0;0;0,9010699;
-0,1561819;-0,1561819;0,6896428;0,6896428;
-0,7745283;0;0;0,6325393;
-0,3177744;0;0;-0,9481664;
0,4976133;-0,4976133;-0,5023754;0,5023754;
-0,6692296;-0,6692296;0,2283238;0,2283238;
-0,433663;0;0;0,9010751;
-0,1562026;-0,1562026;0,6896381;0,6896381;
-0,7745283;0;0;0,6325393;
-0,3177689;0;0;-0,9481683;
0,4976133;-0,4976133;-0,5023754;0,5023754;
-0,6692324;-0,6692324;0,2283158;0,2283158;
-0,4337117;0;0;0,9010517;
-0,1562233;-0,1562233;0,6896335;0,6896335;
-0,7745283;0;0;0,6325393;
-0,3177972;0;0;-0,9481587;
0,4976072;-0,4976072;-0,5023815;0,5023815;
-0,6692283;-0,6692283;0,2283279;0,2283279;
-0,4337008;0;0;0,9010569;
-0,1562646;-0,1562646;0,6896241;0,6896241;
-0,7745433;0;0;0,6325209;
-0,3177915;0;0;-0,9481607;
0,4976072;-0,4976072;-0,5023815;0,5023815;
-0,6692296;-0,6692296;0,2283238;0,2283238;
