-0,3911242;0;0;0,9203379;
-0,1727614;-0,1727614;0,6856774;0,6856774;
-0,7947995;0;0;0,6068721;
-0,3711136;0;0;-0,9285876;
0,4979714;-0,4979714;-0,5020204;0,5020204;
-0,6579798;-0,6579798;0,2589646;0,2589646;
-0,3911628;0;0;0,9203215;
-0,1727779;-0,1727779;0,6856732;0,6856732;
-0,7947884;0;0;0,6068866;
-0,3711301;0;0;-0,9285809;
0,4979685;-0,4979685;-0,5020233;0,5020233;
-0,6579798;-0,6579798;0,2589646;0,2589646;
-0,3911462;0;0;0,9203286;
-0,1727655;-0,1727655;0,6856764;0,6856764;
-0,7947995;0;0;0,6068721;
-0,3711081;0;0;-0,9285898;
0,4979774;-0,4979774;-0,5020145;0,5020145;
-0,6579782;-0,6579782;0,2589686;0,2589686;
-0,3911242;0;0;0,9203379;
-0,1727572;-0,1727572;0,6856785;0,6856785;
-0,7947995;0;0;0,6068721;
-0,3711026;0;0;-0,928592;
0,4979685;-0,4979685;-0,5020233;0,5020233;
-0,6579736;-0,6579736;0,2589802;0,2589802;
-0,3911297;0;0;0,9203356;
-0,1727655;-0,1727655;0,6856764;0,6856764;
-0,7947995;0;0;0,6068721;
-0,3711081;0;0;-0,9285898;
0,4979744;-0,4979744;-0,5020175;0,5020175;
-0,657972;-0,657972;0,2589842;0,2589842;
-0,3911352;0;0;0,9203332;
-0,1727696;-0,1727696;0,6856754;0,6856754;
-0,7948031;0;0;0,6068674;
-0,3711081;0;0;-0,9285898;
0,4979714;-0,4979714;-0,5020204;0,5020204;
-0,6579782;-0,6579782;0,2589686;0,2589686;
-0,3911407;0;0;0,9203309;
-0,1727779;-0,1727779;0,6856732;0,6856732;
-0,7948031;0;0;0,6068674;
-0,3711916;0;0;-0,9285564;
0,4979714;-0,4979714;-0,5020204;0,5020204;
-0,6579767;-0,6579767;0,2589724;0,2589724;
-0,3911242;0;0;0,9203379;
-0,1728108;-0,1728108;0,685665;0,685665;
-0,7948067;0;0;0,6068627;
-0,3712026;0;0;-0,9285519;
0,4979714;-0,4979714;-0,5020204;0,5020204;
-0,6579736;-0,6579736;0,2589802;0,2589802;
-0,3911407;0;0;0,9203309;
-0,1728847;-0,1728847;0,6856464;0,6856464;
-0,7948139;0;0;0,6068532;
-0,3713195;0;0;-0,9285051;
0,4979714;-0,4979714;-0,5020204;0,5020204;
-0,6579767;-0,6579767;0,2589724;0,2589724;
-0,3911462;0;0;0,9203286;
-0,172934;-0,172934;0,6856339;0,6856339;
-0,7948286;0;0;0,6068341;
-0,3713695;0;0;-0,9284852;
0,4979714;-0,4979714;-0,5020204;0,5020204;
-0,6579767;-0,6579767;0,2589724;0,2589724;
-0,3911297;0;0;0,9203356;
-0,1730778;-0,1730778;0,6855976;0,6855976;
-0,7948795;0;0;0,6067674;
-0,3716646;0;0;-0,9283671;
0,4979625;-0,4979625;-0,5020293;0,5020293;
-0,6579736;-0,6579736;0,2589802;0,2589802;
-0,3911297;0;0;0,9203356;
-0,1732093;-0,1732093;0,6855644;0,6855644;
-0,7949412;0;0;0,6066865;
-0,371926;0;0;-0,9282625;
0,4979714;-0,4979714;-0,5020204;0,5020204;
-0,6579751;-0,6579751;0,2589764;0,2589764;
-0,3911242;0;0;0,9203379;
-0,1735012;-0,1735012;0,6854906;0,6854906;
-0,7950393;0;0;0,6065579;
-0,3725157;0;0;-0,928026;
0,4979685;-0,4979685;-0,5020233;0,5020233;
-0,6579751;-0,6579751;0,2589764;0,2589764;
-0,3911187;0;0;0,9203402;
-0,1737887;-0,1737887;0,6854178;0,6854178;
-0,7951267;0;0;0,6064434;
-0,3730662;0;0;-0,9278048;
0,4979714;-0,4979714;-0,5020204;0,5020204;
-0,6579782;-0,6579782;0,2589686;0,2589686;
-0,3911021;0;0;0,9203473;
-0,1741748;-0,1741748;0,6853198;0,6853198;
-0,7952465;0;0;0,6062863;
-0,3738281;0;0;-0,927498;
0,4979744;-0,4979744;-0,5020175;0,5020175;
-0,6579767;-0,6579767;0,2589724;0,2589724;
-0,3911021;0;0;0,9203473;
-0,1746636;-0,1746636;0,6851953;0,6851953;
-0,7954028;0;0;0,6060813;
-0,3746618;0;0;-0,9271616;
0,4979685;-0,4979685;-0,5020233;0,5020233;
-0,6579705;-0,6579705;0,2589881;0,2589881;
-0,3910525;0;0;0,9203684;
-0,1755917;-0,1755917;0,6849581;0,6849581;
-0,7956896;0;0;0,6057045;
-0,3762952;0;0;-0,9264998;
0,4979835;-0,4979835;-0,5020084;0,5020084;
-0,6579767;-0,6579767;0,2589724;0,2589724;
-0,3910525;0;0;0,9203684;
-0,1759325;-0,1759325;0,6848707;0,6848707;
-0,7957913;0;0;0,605571;
-0,3768506;0;0;-0,9262741;
0,4979864;-0,4979864;-0,5020055;0,5020055;
-0,6579736;-0,6579736;0,2589802;0,2589802;
-0,391036;0;0;0,9203754;
-0,1769667;-0,1769667;0,6846041;0,6846041;
-0,7961106;0;0;0,6051513;
-0,3787039;0;0;-0,9255179;
0,4980165;-0,4980165;-0,5019757;0,5019757;
-0,657972;-0,657972;0,2589842;0,2589842;
-0,3910305;0;0;0,9203777;
-0,1773033;-0,1773033;0,684517;0,684517;
-0,7962049;0;0;0,6050271;
-0,3793974;0;0;-0,9252339;
0,4980195;-0,4980195;-0,5019727;0,5019727;
-0,657972;-0,657972;0,2589842;0,2589842;
-0,3909974;0;0;0,9203918;
-0,178374;-0,178374;0,6842388;0,6842388;
-0,7965563;0;0;0,6045644;
-0,3814319;0;0;-0,9243971;
0,4980465;-0,4980465;-0,5019459;0,5019459;
-0,6579674;-0,6579674;0,258996;0,258996;
-0,3909919;0;0;0,9203941;
-0,1791735;-0,1791735;0,6840299;0,6840299;
-0,7967809;0;0;0,6042683;
-0,3828773;0;0;-0,9237993;
0,4980465;-0,4980465;-0,5019459;0,5019459;
-0,657972;-0,657972;0,2589842;0,2589842;
-0,3909533;0;0;0,9204106;
-0,1799893;-0,1799893;0,6838157;0,6838157;
-0,7970198;0;0;0,6039533;
-0,3843831;0;0;-0,9231736;
0,4980646;-0,4980646;-0,501928;0,501928;
-0,6579689;-0,6579689;0,2589921;0,2589921;
-0,3909257;0;0;0,9204223;
-0,1808499;-0,1808499;0,6835886;0,6835886;
-0,7972587;0;0;0,6036378;
-0,3859321;0;0;-0,9225273;
0,4980738;-0,4980738;-0,5019189;0,5019189;
-0,6579518;-0,6579518;0,2590355;0,2590355;
-0,3909146;0;0;0,920427;
-0,181313;-0,181313;0,6834659;0,6834659;
-0,797389;0;0;0,6034657;
-0,386706;0;0;-0,9222031;
0,4980827;-0,4980827;-0,50191;0,50191;
-0,6579456;-0,6579456;0,2590513;0,2590513;
-0,3908429;0;0;0,9204574;
-0,1827299;-0,1827299;0,6830884;0,6830884;
-0,7977685;0;0;0,6029639;
-0,3891977;0;0;-0,9211543;
0,4981098;-0,4981098;-0,501883;0,501883;
-0,6579425;-0,6579425;0,2590593;0,2590593;
-0,3908595;0;0;0,9204504;
-0,183217;-0,183217;0,6829579;0,6829579;
-0,7979059;0;0;0,6027821;
-0,3900367;0;0;-0,9207994;
0,4981129;-0,4981129;-0,5018801;0,5018801;
-0,657941;-0,657941;0,2590631;0,2590631;
-0,3908374;0;0;0,9204597;
-0,1847395;-0,1847395;0,6825477;0,6825477;
-0,7982813;0;0;0,6022848;
-0,3926182;0;0;-0,9197015;
0,498146;-0,498146;-0,5018472;0,5018472;
-0,6579487;-0,6579487;0,2590435;0,2590435;
-0,3908209;0;0;0,9204668;
-0,1857458;-0,1857458;0,6822745;0,6822745;
-0,7985592;0;0;0,6019163;
-0,394365;0;0;-0,918954;
0,498146;-0,498146;-0,5018472;0,5018472;
-0,6579441;-0,6579441;0,2590553;0,2590553;
-0,3907821;0;0;0,9204832;
-0,1862404;-0,1862404;0,6821397;0,6821397;
-0,7986747;0;0;0,601763;
-0,395213;0;0;-0,9185896;
0,4981429;-0,4981429;-0,5018502;0,5018502;
-0,657941;-0,657941;0,2590631;0,2590631;
-0,3907545;0;0;0,9204949;
-0,1872094;-0,1872094;0,6818744;0,6818744;
-0,7989198;0;0;0,6014376;
-0,3969251;0;0;-0,9178511;
0,498179;-0,498179;-0,5018144;0,5018144;
-0,657941;-0,657941;0,2590631;0,2590631;
-0,3906938;0;0;0,9205207;
-0,188668;-0,188668;0,6814722;0,6814722;
-0,79928;0;0;0,6009588;
-0,3994431;0;0;-0,9167579;
0,4981941;-0,4981941;-0,5017994;0,5017994;
-0,6579378;-0,6579378;0,2590711;0,2590711;
-0,3906773;0;0;0,9205277;
-0,189644;-0,189644;0,6812013;0,6812013;
-0,7994996;0;0;0,6006666;
-0,4011022;0;0;-0,9160334;
0,4982061;-0,4982061;-0,5017875;0,5017875;
-0,657927;-0,657927;0,2590986;0,2590986;
-0,3906663;0;0;0,9205324;
-0,1901178;-0,1901178;0,6810692;0,6810692;
-0,7996149;0;0;0,6005132;
-0,4019144;0;0;-0,9156773;
0,4982031;-0,4982031;-0,5017905;0,5017905;
-0,6579239;-0,6579239;0,2591065;0,2591065;
-0,3906277;0;0;0,9205488;
-0,1915788;-0,1915788;0,6806597;0,6806597;
-0,7999529;0;0;0,6000628;
-0,4044048;0;0;-0,9145802;
0,4982241;-0,4982241;-0,5017696;0,5017696;
-0,6579239;-0,6579239;0,2591065;0,2591065;
-0,3906001;0;0;0,9205605;
-0,1920844;-0,1920844;0,6805171;0,6805171;
-0,8000538;0;0;0,5999283;
-0,4052543;0;0;-0,9142039;
0,4982362;-0,4982362;-0,5017576;0,5017576;
-0,6579239;-0,6579239;0,2591065;0,2591065;
-0,390567;0;0;0,9205745;
-0,1936055;-0,1936055;0,680086;0,680086;
-0,8003485;0;0;0,5995351;
-0,4077682;0;0;-0,9130856;
0,4982602;-0,4982602;-0,5017337;0,5017337;
-0,6579224;-0,6579224;0,2591104;0,2591104;
-0,3905394;0;0;0,9205862;
-0,1951947;-0,1951947;0,6796316;0,6796316;
-0,8006608;0;0;0,5991179;
-0,4102735;0;0;-0,9119626;
0,4982752;-0,4982752;-0,5017189;0,5017189;
-0,6579068;-0,6579068;0,25915;0,25915;
-0,3905228;0;0;0,9205933;
-0,1956875;-0,1956875;0,6794899;0,6794899;
-0,8007614;0;0;0,5989834;
-0,4110877;0;0;-0,9115959;
0,4982872;-0,4982872;-0,5017069;0,5017069;
-0,6579083;-0,6579083;0,2591461;0,2591461;
-0,3904842;0;0;0,9206096;
-0,1972186;-0,1972186;0,679047;0,679047;
-0,8010198;0;0;0,5986379;
-0,4135671;0;0;-0,9104737;
0,4983054;-0,4983054;-0,501689;0,501689;
-0,6579052;-0,6579052;0,259154;0,259154;
-0,3904181;0;0;0,9206377;
-0,198732;-0,198732;0,6786056;0,6786056;
-0,8012888;0;0;0,5982779;
-0,4159396;0;0;-0,9093923;
0,4983203;-0,4983203;-0,5016741;0,5016741;
-0,6578928;-0,6578928;0,2591856;0,2591856;
-0,390396;0;0;0,9206471;
-0,2002079;-0,2002079;0,6781716;0,6781716;
-0,8015575;0;0;0,5979176;
-0,4183913;0;0;-0,908267;
0,4983564;-0,4983564;-0,5016382;0,5016382;
-0,6578943;-0,6578943;0,2591816;0,2591816;
-0,3903353;0;0;0,9206728;
-0,2011995;-0,2011995;0,6778781;0,6778781;
-0,801726;0;0;0,5976917;
-0,4200293;0;0;-0,9075106;
0,4983654;-0,4983654;-0,5016294;0,5016294;
-0,6579006;-0,6579006;0,2591658;0,2591658;
-0,3903353;0;0;0,9206728;
-0,2022394;-0,2022394;0,6775686;0,6775686;
-0,8018943;0;0;0,5974659;
-0,421693;0;0;-0,9067387;
0,4983864;-0,4983864;-0,5016084;0,5016084;
-0,6578866;-0,6578866;0,2592012;0,2592012;
-0,3903298;0;0;0,9206751;
-0,2027552;-0,2027552;0,6774145;0,6774145;
-0,8019766;0;0;0,5973554;
-0,4225138;0;0;-0,9063565;
0,4983864;-0,4983864;-0,5016084;0,5016084;
-0,6578788;-0,6578788;0,2592209;0,2592209;
-0,3902912;0;0;0,9206915;
-0,2043219;-0,2043219;0,6769435;0,6769435;
-0,802227;0;0;0,5970191;
-0,4249407;0;0;-0,9052212;
0,4984315;-0,4984315;-0,5015636;0,5015636;
-0,6578835;-0,6578835;0,2592092;0,2592092;
-0,3902746;0;0;0,9206985;
-0,204833;-0,204833;0,676789;0,676789;
-0,8022952;0;0;0,5969275;
-0,4257275;0;0;-0,9048515;
0,4984285;-0,4984285;-0,5015666;0,5015666;
-0,6578758;-0,6578758;0,2592286;0,2592286;
-0,390236;0;0;0,9207149;
-0,2063943;-0,2063943;0,6763146;0,6763146;
-0,8025134;0;0;0,5966341;
-0,4281124;0;0;-0,9037256;
0,4984738;-0,4984738;-0,5015216;0,5015216;
-0,6578788;-0,6578788;0,2592209;0,2592209;
-0,3902084;0;0;0,9207266;
-0,2074642;-0,2074642;0,6759872;0,6759872;
-0,8026742;0;0;0,5964177;
-0,4296828;0;0;-0,90298;
0,4984857;-0,4984857;-0,5015097;0,5015097;
-0,6578742;-0,6578742;0,2592328;0,2592328;
-0,3901698;0;0;0,9207429;
-0,2085051;-0,2085051;0,6756668;0,6756668;
-0,8028172;0;0;0,5962252;
-0,4312463;0;0;-0,9022343;
0,4985218;-0,4985218;-0,5014739;0,5014739;
-0,6578633;-0,6578633;0,2592604;0,2592604;
-0,3901643;0;0;0,9207453;
-0,2090073;-0,2090073;0,6755117;0,6755117;
-0,8028779;0;0;0,5961435;
-0,4320573;0;0;-0,9018461;
0,4985308;-0,4985308;-0,501465;0,501465;
-0,6578664;-0,6578664;0,2592525;0,2592525;
-0,3901146;0;0;0,9207663;
-0,2105411;-0,2105411;0,6750352;0,6750352;
-0,8030601;0;0;0,595898;
-0,4344345;0;0;-0,9007034;
0,4985758;-0,4985758;-0,5014201;0,5014201;
-0,6578633;-0,6578633;0,2592604;0,2592604;
-0,3900925;0;0;0,9207757;
-0,2115727;-0,2115727;0,6747125;0,6747125;
-0,8031814;0;0;0,5957346;
-0,4360213;0;0;-0,8999363;
0,498606;-0,498606;-0,5013902;0,5013902;
-0,6578524;-0,6578524;0,259288;0,259288;
-0,3900705;0;0;0,920785;
-0,2121023;-0,2121023;0,6745462;0,6745462;
-0,8032565;0;0;0,5956334;
-0,4368194;0;0;-0,8995493;
0,4985999;-0,4985999;-0,5013962;0,5013962;
-0,6578431;-0,6578431;0,2593116;0,2593116;
-0,3900263;0;0;0,9208037;
-0,2136422;-0,2136422;0,6740601;0,6740601;
-0,803417;0;0;0,5954168;
-0,4392068;0;0;-0,8983861;
0,498606;-0,498606;-0,5013902;0,5013902;
-0,6578493;-0,6578493;0,2592959;0,2592959;
-0,3900263;0;0;0,9208037;
-0,2141593;-0,2141593;0,673896;0,673896;
-0,8034564;0;0;0,5953637;
-0,4399873;0;0;-0,8980041;
0,498606;-0,498606;-0,5013902;0,5013902;
-0,6578462;-0,6578462;0,2593038;0,2593038;
-0,3900097;0;0;0,9208108;
-0,2152292;-0,2152292;0,6735551;0,6735551;
-0,8035634;0;0;0,5952193;
-0,4415426;0;0;-0,8972403;
0,49863;-0,49863;-0,5013663;0,5013663;
-0,6578431;-0,6578431;0,2593116;0,2593116;
-0,3899601;0;0;0,9208317;
-0,216315;-0,216315;0,6732072;0,6732072;
-0,8036739;0;0;0,59507;
-0,4430265;0;0;-0,8965085;
0,49863;-0,49863;-0,5013663;0,5013663;
-0,6578306;-0,6578306;0,2593433;0,2593433;
-0,3899601;0;0;0,9208317;
-0,2168515;-0,2168515;0,6730345;0,6730345;
-0,8037309;0;0;0,594993;
-0,4437892;0;0;-0,8961313;
0,498633;-0,498633;-0,5013633;0,5013633;
-0,6578368;-0,6578368;0,2593276;0,2593276;
-0,3899268;0;0;0,9208459;
-0,2184321;-0,2184321;0,6725232;0,6725232;
-0,8038593;0;0;0,5948195;
-0,4460815;0;0;-0,8949923;
0,49866;-0,49866;-0,5013365;0,5013365;
-0,6578306;-0,6578306;0,2593433;0,2593433;
-0,3898993;0;0;0,9208575;
-0,219492;-0,219492;0,672178;0,672178;
-0,8039342;0;0;0,5947182;
-0,4476048;0;0;-0,8942314;
0,4986689;-0,4986689;-0,5013275;0,5013275;
-0,6578166;-0,6578166;0,2593788;0,2593788;
-0,3898717;0;0;0,9208692;
-0,2205512;-0,2205512;0,6718312;0,6718312;
-0,8040197;0;0;0,5946028;
-0,4491211;0;0;-0,8934709;
0,498681;-0,498681;-0,5013155;0,5013155;
-0,6578166;-0,6578166;0,2593788;0,2593788;
-0,3898385;0;0;0,9208832;
-0,2215817;-0,2215817;0,671492;0,671492;
-0,8040874;0;0;0,5945111;
-0,4506948;0;0;-0,8926782;
0,498681;-0,498681;-0,5013155;0,5013155;
-0,657815;-0,657815;0,2593828;0,2593828;
-0,3898165;0;0;0,9208926;
-0,222093;-0,222093;0,6713231;0,6713231;
-0,8041194;0;0;0,5944678;
-0,4514707;0;0;-0,892286;
0,498684;-0,498684;-0,5013125;0,5013125;
-0,6578104;-0,6578104;0,2593946;0,2593946;
-0,3898165;0;0;0,9208926;
-0,2236494;-0,2236494;0,6708062;0,6708062;
-0,804205;0;0;0,594352;
-0,4537585;0;0;-0,8911248;
0,498708;-0,498708;-0,5012887;0,5012887;
-0,6577964;-0,6577964;0,2594301;0,2594301;
-0,3897944;0;0;0,9209019;
-0,224188;-0,224188;0,6706264;0,6706264;
-0,804237;0;0;0,5943087;
-0,4545114;0;0;-0,8907409;
0,4987231;-0,4987231;-0,5012737;0,5012737;
-0,6577979;-0,6577979;0,2594261;0,2594261;
-0,3897668;0;0;0,9209136;
-0,2257992;-0,2257992;0,6700856;0,6700856;
-0,8043366;0;0;0,5941738;
-0,4567261;0;0;-0,8896074;
0,4987261;-0,4987261;-0,5012707;0,5012707;
-0,6577964;-0,6577964;0,2594301;0,2594301;
-0,3897282;0;0;0,92093;
-0,227397;-0,227397;0,6695451;0,6695451;
-0,8043936;0;0;0,5940967;
-0,4589432;0;0;-0,8884657;
0,4987562;-0,4987562;-0,5012407;0,5012407;
-0,6577793;-0,6577793;0,2594734;0,2594734;
-0,3896675;0;0;0,9209557;
-0,2290494;-0,2290494;0,6689816;0,6689816;
-0,804465;0;0;0,5940002;
-0,4611945;0;0;-0,8872991;
0,4987862;-0,4987862;-0,5012109;0,5012109;
-0,6577777;-0,6577777;0,2594773;0,2594773;
-0,3896178;0;0;0,9209766;
-0,2306365;-0,2306365;0,6684361;0,6684361;
-0,8045111;0;0;0,5939376;
-0,4634271;0;0;-0,8861352;
0,4987953;-0,4987953;-0,5012019;0,5012019;
-0,6577668;-0,6577668;0,2595049;0,2595049;
-0,3896123;0;0;0,920979;
-0,2311734;-0,2311734;0,6682506;0,6682506;
-0,8045254;0;0;0,5939183;
-0,4641758;0;0;-0,8857431;
0,4988013;-0,4988013;-0,5011959;0,5011959;
-0,6577653;-0,6577653;0,2595089;0,2595089;
-0,3895902;0;0;0,9209883;
-0,2322304;-0,2322304;0,6678841;0,6678841;
-0,8045433;0;0;0,5938941;
-0,4656618;0;0;-0,8849629;
0,4988102;-0,4988102;-0,501187;0,501187;
-0,6577653;-0,6577653;0,2595089;0,2595089;
-0,3895516;0;0;0,9210047;
-0,233835;-0,233835;0,6673239;0,6673239;
-0,8045753;0;0;0,5938507;
-0,4678514;0;0;-0,8838072;
0,4988344;-0,4988344;-0,5011629;0,5011629;
-0,6577544;-0,6577544;0,2595365;0,2595365;
-0,389535;0;0;0,9210116;
-0,2349144;-0,2349144;0,6669447;0,6669447;
-0,8045895;0;0;0,5938315;
-0,4693129;0;0;-0,8830319;
0,4988643;-0,4988643;-0,5011331;0,5011331;
-0,6577529;-0,6577529;0,2595404;0,2595404;
-0,3895295;0;0;0,921014;
-0,2354538;-0,2354538;0,6667545;0,6667545;
-0,8045895;0;0;0,5938315;
-0,4700328;0;0;-0,882649;
0,4988673;-0,4988673;-0,5011301;0,5011301;
-0,6577575;-0,6577575;0,2595285;0,2595285;
-0,3894578;0;0;0,9210443;
-0,2371115;-0,2371115;0,6661668;0,6661668;
-0,8046037;0;0;0,5938122;
-0,4721216;0;0;-0,8815336;
0,4988974;-0,4988974;-0,5011002;0,5011002;
-0,6577466;-0,6577466;0,2595564;0,2595564;
-0,3894743;0;0;0,9210373;
-0,2376464;-0,2376464;0,6659761;0,6659761;
-0,8046073;0;0;0,5938073;
-0,4728294;0;0;-0,8811539;
0,4989064;-0,4989064;-0,5010912;0,5010912;
-0,6577419;-0,6577419;0,2595681;0,2595681;
-0,3894357;0;0;0,9210536;
-0,2387318;-0,2387318;0,6655878;0,6655878;
-0,8046073;0;0;0,5938073;
-0,4742498;0;0;-0,8803903;
0,4989154;-0,4989154;-0,5010824;0,5010824;
-0,6577356;-0,6577356;0,259584;0,259584;
-0,3893916;0;0;0,9210724;
-0,2403784;-0,2403784;0,6649949;0,6649949;
-0,8046037;0;0;0,5938122;
-0,4764123;0;0;-0,879222;
0,4989424;-0,4989424;-0,5010554;0,5010554;
-0,6577419;-0,6577419;0,2595681;0,2595681;
-0,3893805;0;0;0,921077;
-0,2414504;-0,2414504;0,6646065;0,6646065;
-0,8046037;0;0;0,5938122;
-0,4778871;0;0;-0,8784214;
0,4989604;-0,4989604;-0,5010375;0,5010375;
-0,6577326;-0,6577326;0,2595918;0,2595918;
-0,3893364;0;0;0,9210957;
-0,2430827;-0,2430827;0,6640112;0,6640112;
-0,8046002;0;0;0,5938169;
-0,4800343;0;0;-0,8772498;
0,4989904;-0,4989904;-0,5010076;0,5010076;
-0,657717;-0,657717;0,2596313;0,2596313;
-0,3893032;0;0;0,9211097;
-0,2447135;-0,2447135;0,6634119;0,6634119;
-0,8045753;0;0;0,5938507;
-0,4821678;0;0;-0,876079;
0,4990175;-0,4990175;-0,5009806;0,5009806;
-0,6577218;-0,6577218;0,2596193;0,2596193;
-0,3892646;0;0;0,921126;
-0,2462991;-0,2462991;0,6628249;0,6628249;
-0,8045396;0;0;0,5938991;
-0,4842254;0;0;-0,8749433;
0,4990445;-0,4990445;-0,5009537;0,5009537;
-0,6577061;-0,6577061;0,2596588;0,2596588;
-0,389237;0;0;0,9211377;
-0,2468275;-0,2468275;0,6626282;0,6626282;
-0,8045219;0;0;0,593923;
-0,4849176;0;0;-0,8745598;
0,4990534;-0,4990534;-0,5009448;0,5009448;
-0,6577061;-0,6577061;0,2596588;0,2596588;
-0,3892426;0;0;0,9211353;
-0,2481891;-0,2481891;0,6621194;0,6621194;
-0,8044755;0;0;0,5939857;
-0,4865837;0;0;-0,8736339;
0,4990625;-0,4990625;-0,5009358;0,5009358;
-0,6577092;-0,6577092;0,259651;0,259651;
-0,3892149;0;0;0,921147;
-0,2485262;-0,2485262;0,661993;0,661993;
-0,8044685;0;0;0,5939954;
-0,4870288;0;0;-0,873386;
0,4990655;-0,4990655;-0,5009328;0,5009328;
-0,6577061;-0,6577061;0,2596588;0,2596588;
-0,3892204;0;0;0,9211447;
-0,2487841;-0,2487841;0,6618962;0,6618962;
-0,8044685;0;0;0,5939954;
-0,4873326;0;0;-0,8732165;
0,4990715;-0,4990715;-0,5009269;0,5009269;
-0,6577045;-0,6577045;0,2596629;0,2596629;
-0,3892094;0;0;0,9211493;
-0,2491371;-0,2491371;0,6617634;0,6617634;
-0,80444;0;0;0,5940339;
-0,4878195;0;0;-0,8729446;
0,4990655;-0,4990655;-0,5009328;0,5009328;
-0,6576999;-0,6576999;0,2596746;0,2596746;
-0,3892039;0;0;0,9211516;
-0,2490973;-0,2490973;0,6617783;0,6617783;
-0,8044471;0;0;0,5940243;
-0,4877357;0;0;-0,8729914;
0,4990625;-0,4990625;-0,5009358;0,5009358;
-0,6577061;-0,6577061;0,2596588;0,2596588;
-0,3892259;0;0;0,9211423;
-0,2490934;-0,2490934;0,6617798;0,6617798;
-0,8044471;0;0;0,5940243;
-0,4877462;0;0;-0,8729855;
0,4990594;-0,4990594;-0,5009388;0,5009388;
-0,6577045;-0,6577045;0,2596629;0,2596629;
-0,3892149;0;0;0,921147;
-0,2490696;-0,2490696;0,6617888;0,6617888;
-0,8044507;0;0;0,5940195;
-0,4876885;0;0;-0,8730178;
0,4990685;-0,4990685;-0,5009298;0,5009298;
-0,6576999;-0,6576999;0,2596746;0,2596746;
-0,3892149;0;0;0,921147;
-0,2490894;-0,2490894;0,6617813;0,6617813;
-0,8044577;0;0;0,5940099;
-0,4876623;0;0;-0,8730324;
0,4990655;-0,4990655;-0,5009328;0,5009328;
-0,6577014;-0,6577014;0,2596707;0,2596707;
-0,3892149;0;0;0,921147;
-0,2490894;-0,2490894;0,6617813;0,6617813;
-0,8044435;0;0;0,5940291;
-0,4876257;0;0;-0,8730529;
0,4990745;-0,4990745;-0,5009239;0,5009239;
-0,657703;-0,657703;0,2596668;0,2596668;
-0,3891928;0;0;0,9211563;
-0,2490776;-0,2490776;0,6617858;0,6617858;
-0,8044507;0;0;0,5940195;
-0,4876153;0;0;-0,8730586;
0,4990655;-0,4990655;-0,5009328;0,5009328;
-0,6577014;-0,6577014;0,2596707;0,2596707;
-0,3892039;0;0;0,9211516;
-0,2490816;-0,2490816;0,6617843;0,6617843;
-0,8044507;0;0;0,5940195;
-0,4876205;0;0;-0,8730558;
0,4990594;-0,4990594;-0,5009388;0,5009388;
-0,6576999;-0,6576999;0,2596746;0,2596746;
-0,3892039;0;0;0,9211516;
-0,2490973;-0,2490973;0,6617783;0,6617783;
-0,8044507;0;0;0,5940195;
-0,4876047;0;0;-0,8730646;
0,4990564;-0,4990564;-0,5009418;0,5009418;
-0,6576952;-0,6576952;0,2596864;0,2596864;
-0,3892094;0;0;0,9211493;
-0,2491053;-0,2491053;0,6617753;0,6617753;
-0,80444;0;0;0,5940339;
-0,4876099;0;0;-0,8730617;
0,4990625;-0,4990625;-0,5009358;0,5009358;
-0,6576952;-0,6576952;0,2596864;0,2596864;
-0,3891928;0;0;0,9211563;
-0,2490894;-0,2490894;0,6617813;0,6617813;
-0,8044435;0;0;0,5940291;
-0,4876205;0;0;-0,8730558;
0,4990625;-0,4990625;-0,5009358;0,5009358;
-0,6576937;-0,6576937;0,2596904;0,2596904;
-0,3892039;0;0;0,9211516;
-0,2490855;-0,2490855;0,6617827;0,6617827;
-0,8044507;0;0;0,5940195;
-0,4876153;0;0;-0,8730586;
0,4990594;-0,4990594;-0,5009388;0,5009388;
-0,6576906;-0,6576906;0,2596981;0,2596981;
-0,3891928;0;0;0,9211563;
-0,2490855;-0,2490855;0,6617827;0,6617827;
-0,8044435;0;0;0,5940291;
-0,4876099;0;0;-0,8730617;
0,4990655;-0,4990655;-0,5009328;0,5009328;
-0,6576874;-0,6576874;0,2597061;0,2597061;
-0,3892039;0;0;0,9211516;
-0,2490656;-0,2490656;0,6617903;0,6617903;
-0,8044542;0;0;0,5940146;
-0,4876099;0;0;-0,8730617;
0,4990655;-0,4990655;-0,5009328;0,5009328;
-0,6576859;-0,6576859;0,2597099;0,2597099;
-0,3891928;0;0;0,9211563;
-0,2490656;-0,2490656;0,6617903;0,6617903;
-0,8044577;0;0;0,5940099;
-0,4876153;0;0;-0,8730586;
0,4990564;-0,4990564;-0,5009418;0,5009418;
-0,6576843;-0,6576843;0,2597139;0,2597139;
-0,3891818;0;0;0,921161;
-0,2490656;-0,2490656;0,6617903;0,6617903;
-0,8044542;0;0;0,5940146;
-0,4876205;0;0;-0,8730558;
0,4990594;-0,4990594;-0,5009388;0,5009388;
-0,6576906;-0,6576906;0,2596981;0,2596981;
-0,3891984;0;0;0,921154;
-0,2490855;-0,2490855;0,6617827;0,6617827;
-0,804465;0;0;0,5940002;
-0,4875942;0;0;-0,8730703;
0,4990775;-0,4990775;-0,5009208;0,5009208;
-0,6576828;-0,6576828;0,259718;0,259718;
-0,3892039;0;0;0,9211516;
-0,2490894;-0,2490894;0,6617813;0,6617813;
-0,8044507;0;0;0,5940195;
-0,4875942;0;0;-0,8730703;
0,4990655;-0,4990655;-0,5009328;0,5009328;
-0,6576797;-0,6576797;0,2597257;0,2597257;
-0,3891984;0;0;0,921154;
-0,2491053;-0,2491053;0,6617753;0,6617753;
-0,8044507;0;0;0,5940195;
-0,4875995;0;0;-0,8730675;
0,4990564;-0,4990564;-0,5009418;0,5009418;
-0,657675;-0,657675;0,2597377;0,2597377;
-0,3892094;0;0;0,9211493;
-0,2490855;-0,2490855;0,6617827;0,6617827;
-0,8044507;0;0;0,5940195;
-0,4875942;0;0;-0,8730703;
0,4990745;-0,4990745;-0,5009239;0,5009239;
-0,6576797;-0,6576797;0,2597257;0,2597257;
-0,3891928;0;0;0,9211563;
-0,2490934;-0,2490934;0,6617798;0,6617798;
-0,804465;0;0;0,5940002;
-0,4875681;0;0;-0,8730849;
0,4990865;-0,4990865;-0,5009118;0,5009118;
-0,6576781;-0,6576781;0,2597297;0,2597297;
-0,3891928;0;0;0,9211563;
-0,2490816;-0,2490816;0,6617843;0,6617843;
-0,8044577;0;0;0,5940099;
-0,4875942;0;0;-0,8730703;
0,4990865;-0,4990865;-0,5009118;0,5009118;
-0,6576781;-0,6576781;0,2597297;0,2597297;
-0,3891818;0;0;0,921161;
-0,2490696;-0,2490696;0,6617888;0,6617888;
-0,8044471;0;0;0,5940243;
-0,4875839;0;0;-0,8730762;
0,4990926;-0,4990926;-0,5009057;0,5009057;
-0,6576828;-0,6576828;0,259718;0,259718;
-0,3891818;0;0;0,921161;
-0,2490776;-0,2490776;0,6617858;0,6617858;
-0,8044507;0;0;0,5940195;
-0,4875995;0;0;-0,8730675;
0,4990956;-0,4990956;-0,5009028;0,5009028;
-0,6576765;-0,6576765;0,2597337;0,2597337;
-0,3892094;0;0;0,9211493;
-0,2490934;-0,2490934;0,6617798;0,6617798;
-0,8044471;0;0;0,5940243;
-0,4875891;0;0;-0,8730733;
0,4990926;-0,4990926;-0,5009057;0,5009057;
-0,6576797;-0,6576797;0,2597257;0,2597257;
-0,3891928;0;0;0,9211563;
-0,2490973;-0,2490973;0,6617783;0,6617783;
-0,8044507;0;0;0,5940195;
-0,4876047;0;0;-0,8730646;
0,4990897;-0,4990897;-0,5009087;0,5009087;
-0,6576797;-0,6576797;0,2597257;0,2597257;
-0,3891984;0;0;0,921154;
-0,2490894;-0,2490894;0,6617813;0,6617813;
-0,8044471;0;0;0,5940243;
-0,4875787;0;0;-0,8730791;
0,4990926;-0,4990926;-0,5009057;0,5009057;
-0,6576781;-0,6576781;0,2597297;0,2597297;
-0,3891984;0;0;0,921154;
-0,2490776;-0,2490776;0,6617858;0,6617858;
-0,8044471;0;0;0,5940243;
-0,4875995;0;0;-0,8730675;
0,4991016;-0,4991016;-0,5008969;0,5008969;
-0,6576812;-0,6576812;0,2597219;0,2597219;
-0,3892094;0;0;0,9211493;
-0,2490894;-0,2490894;0,6617813;0,6617813;
-0,8044542;0;0;0,5940146;
-0,4875995;0;0;-0,8730675;
0,4990926;-0,4990926;-0,5009057;0,5009057;
-0,6576688;-0,6576688;0,2597535;0,2597535;
-0,3891763;0;0;0,9211633;
-0,2490696;-0,2490696;0,6617888;0,6617888;
-0,8044471;0;0;0,5940243;
-0,4875891;0;0;-0,8730733;
0,4990986;-0,4990986;-0,5008998;0,5008998;
-0,6576797;-0,6576797;0,2597257;0,2597257;
-0,3892094;0;0;0,9211493;
-0,2490696;-0,2490696;0,6617888;0,6617888;
-0,8044435;0;0;0,5940291;
-0,4875995;0;0;-0,8730675;
0,4991016;-0,4991016;-0,5008969;0,5008969;
-0,6576765;-0,6576765;0,2597337;0,2597337;
-0,3891984;0;0;0,921154;
-0,2490934;-0,2490934;0,6617798;0,6617798;
-0,8044507;0;0;0,5940195;
-0,4876153;0;0;-0,8730586;
0,4991016;-0,4991016;-0,5008969;0,5008969;
-0,6576828;-0,6576828;0,259718;0,259718;
-0,3891984;0;0;0,921154;
-0,2490894;-0,2490894;0,6617813;0,6617813;
-0,8044577;0;0;0,5940099;
-0,4875839;0;0;-0,8730762;
0,4990986;-0,4990986;-0,5008998;0,5008998;
-0,6576828;-0,6576828;0,259718;0,259718;
-0,3891928;0;0;0,9211563;
-0,2490973;-0,2490973;0,6617783;0,6617783;
-0,8044435;0;0;0,5940291;
-0,4875891;0;0;-0,8730733;
0,4991016;-0,4991016;-0,5008969;0,5008969;
-0,6576797;-0,6576797;0,2597257;0,2597257;
-0,3891984;0;0;0,921154;
-0,2490855;-0,2490855;0,6617827;0,6617827;
-0,8044612;0;0;0,5940051;
-0,4875891;0;0;-0,8730733;
0,4991075;-0,4991075;-0,5008909;0,5008909;
-0,6576797;-0,6576797;0,2597257;0,2597257;
-0,3892039;0;0;0,9211516;
-0,2490934;-0,2490934;0,6617798;0,6617798;
-0,8044471;0;0;0,5940243;
-0,4875891;0;0;-0,8730733;
0,4991016;-0,4991016;-0,5008969;0,5008969;
-0,6576812;-0,6576812;0,2597219;0,2597219;
-0,3892094;0;0;0,9211493;
-0,2490855;-0,2490855;0,6617827;0,6617827;
-0,8044507;0;0;0,5940195;
-0,4875942;0;0;-0,8730703;
0,4991046;-0,4991046;-0,5008938;0,5008938;
-0,6576781;-0,6576781;0,2597297;0,2597297;
-0,3892094;0;0;0,9211493;
-0,2490816;-0,2490816;0,6617843;0,6617843;
-0,8044471;0;0;0,5940243;
-0,4875995;0;0;-0,8730675;
0,4991046;-0,4991046;-0,5008938;0,5008938;
-0,6576765;-0,6576765;0,2597337;0,2597337;
-0,3891763;0;0;0,9211633;
-0,2490776;-0,2490776;0,6617858;0,6617858;
-0,8044507;0;0;0,5940195;
-0,4875942;0;0;-0,8730703;
0,4991075;-0,4991075;-0,5008909;0,5008909;
-0,6576797;-0,6576797;0,2597257;0,2597257;
-0,3891928;0;0;0,9211563;
-0,2490855;-0,2490855;0,6617827;0,6617827;
-0,8044435;0;0;0,5940291;
-0,4876047;0;0;-0,8730646;
0,4991016;-0,4991016;-0,5008969;0,5008969;
-0,6576812;-0,6576812;0,2597219;0,2597219;
-0,3891984;0;0;0,921154;
-0,2490973;-0,2490973;0,6617783;0,6617783;
-0,8044471;0;0;0,5940243;
-0,4875942;0;0;-0,8730703;
0,4990986;-0,4990986;-0,5008998;0,5008998;
-0,6576781;-0,6576781;0,2597297;0,2597297;
-0,3892149;0;0;0,921147;
-0,2490973;-0,2490973;0,6617783;0,6617783;
-0,8044471;0;0;0,5940243;
-0,4875891;0;0;-0,8730733;
0,4991046;-0,4991046;-0,5008938;0,5008938;
-0,657675;-0,657675;0,2597377;0,2597377;
-0,3891928;0;0;0,9211563;
-0,2490934;-0,2490934;0,6617798;0,6617798;
-0,8044507;0;0;0,5940195;
-0,4875681;0;0;-0,8730849;
0,4991075;-0,4991075;-0,5008909;0,5008909;
-0,6576765;-0,6576765;0,2597337;0,2597337;
-0,3892039;0;0;0,9211516;
-0,2490973;-0,2490973;0,6617783;0,6617783;
-0,8044471;0;0;0,5940243;
-0,4875942;0;0;-0,8730703;
0,4991075;-0,4991075;-0,5008909;0,5008909;
-0,6576781;-0,6576781;0,2597297;0,2597297;
-0,3891818;0;0;0,921161;
-0,2490816;-0,2490816;0,6617843;0,6617843;
-0,8044471;0;0;0,5940243;
-0,4875787;0;0;-0,8730791;
0,4991046;-0,4991046;-0,5008938;0,5008938;
-0,657675;-0,657675;0,2597377;0,2597377;
-0,3891763;0;0;0,9211633;
-0,2490934;-0,2490934;0,6617798;0,6617798;
-0,8044542;0;0;0,5940146;
-0,4876047;0;0;-0,8730646;
0,4991046;-0,4991046;-0,5008938;0,5008938;
-0,6576734;-0,6576734;0,2597416;0,2597416;
-0,3891818;0;0;0,921161;
-0,2490855;-0,2490855;0,6617827;0,6617827;
-0,8044507;0;0;0,5940195;
-0,4875629;0;0;-0,8730879;
0,4991075;-0,4991075;-0,5008909;0,5008909;
-0,6576765;-0,6576765;0,2597337;0,2597337;
-0,3891763;0;0;0,9211633;
-0,2490816;-0,2490816;0,6617843;0,6617843;
-0,8044471;0;0;0,5940243;
-0,4875839;0;0;-0,8730762;
0,4991137;-0,4991137;-0,5008848;0,5008848;
-0,6576781;-0,6576781;0,2597297;0,2597297;
-0,3891928;0;0;0,9211563;
-0,2490934;-0,2490934;0,6617798;0,6617798;
-0,8044471;0;0;0,5940243;
-0,4875681;0;0;-0,8730849;
0,4991075;-0,4991075;-0,5008909;0,5008909;
-0,6576828;-0,6576828;0,259718;0,259718;
-0,3891818;0;0;0,921161;
-0,2490894;-0,2490894;0,6617813;0,6617813;
-0,80444;0;0;0,5940339;
-0,4875839;0;0;-0,8730762;
0,4991107;-0,4991107;-0,5008878;0,5008878;
-0,6576765;-0,6576765;0,2597337;0,2597337;
-0,3891928;0;0;0,9211563;
-0,2490934;-0,2490934;0,6617798;0,6617798;
-0,8044471;0;0;0,5940243;
-0,4875735;0;0;-0,873082;
0,4991107;-0,4991107;-0,5008878;0,5008878;
-0,6576797;-0,6576797;0,2597257;0,2597257;
-0,3891984;0;0;0,921154;
-0,2490934;-0,2490934;0,6617798;0,6617798;
-0,8044542;0;0;0,5940146;
-0,4875839;0;0;-0,8730762;
0,4991046;-0,4991046;-0,5008938;0,5008938;
-0,657675;-0,657675;0,2597377;0,2597377;
-0,3891873;0;0;0,9211586;
-0,2490934;-0,2490934;0,6617798;0,6617798;
-0,80444;0;0;0,5940339;
-0,4875787;0;0;-0,8730791;
0,4991075;-0,4991075;-0,5008909;0,5008909;
-0,6576765;-0,6576765;0,2597337;0,2597337;
-0,3891653;0;0;0,921168;
-0,2490894;-0,2490894;0,6617813;0,6617813;
-0,8044542;0;0;0,5940146;
-0,4875681;0;0;-0,8730849;
0,4991075;-0,4991075;-0,5008909;0,5008909;
-0,6576797;-0,6576797;0,2597257;0,2597257;
-0,3891708;0;0;0,9211656;
-0,2490776;-0,2490776;0,6617858;0,6617858;
-0,8044471;0;0;0,5940243;
-0,4875681;0;0;-0,8730849;
0,4990986;-0,4990986;-0,5008998;0,5008998;
-0,6576781;-0,6576781;0,2597297;0,2597297;
-0,3891763;0;0;0,9211633;
-0,2490894;-0,2490894;0,6617813;0,6617813;
-0,8044471;0;0;0,5940243;
-0,4875681;0;0;-0,8730849;
0,4991046;-0,4991046;-0,5008938;0,5008938;
-0,6576797;-0,6576797;0,2597257;0,2597257;
-0,3891873;0;0;0,9211586;
-0,2491013;-0,2491013;0,6617768;0,6617768;
-0,8044507;0;0;0,5940195;
-0,4875839;0;0;-0,8730762;
0,4991107;-0,4991107;-0,5008878;0,5008878;
-0,6576812;-0,6576812;0,2597219;0,2597219;
-0,3891928;0;0;0,9211563;
-0,2490973;-0,2490973;0,6617783;0,6617783;
-0,80444;0;0;0,5940339;
-0,4875787;0;0;-0,8730791;
0,4991016;-0,4991016;-0,5008969;0,5008969;
-0,6576765;-0,6576765;0,2597337;0,2597337;
-0,3891928;0;0;0,9211563;
-0,2491013;-0,2491013;0,6617768;0,6617768;
-0,8044471;0;0;0,5940243;
-0,487542;0;0;-0,8730996;
0,4991046;-0,4991046;-0,5008938;0,5008938;
-0,6576781;-0,6576781;0,2597297;0,2597297;
-0,3891873;0;0;0,9211586;
-0,2490656;-0,2490656;0,6617903;0,6617903;
-0,8044507;0;0;0,5940195;
-0,4875054;0;0;-0,87312;
0,4991107;-0,4991107;-0,5008878;0,5008878;
-0,6576812;-0,6576812;0,2597219;0,2597219;
-0,3891928;0;0;0,9211563;
-0,2490418;-0,2490418;0,6617992;0,6617992;
-0,8044471;0;0;0,5940243;
-0,4874321;0;0;-0,873161;
0,4991016;-0,4991016;-0,5008969;0,5008969;
-0,657675;-0,657675;0,2597377;0,2597377;
-0,3891928;0;0;0,9211563;
-0,2490024;-0,2490024;0,6618141;0,6618141;
-0,8044507;0;0;0,5940195;
-0,4874373;0;0;-0,873158;
0,4991016;-0,4991016;-0,5008969;0,5008969;
-0,6576797;-0,6576797;0,2597257;0,2597257;
-0,3891763;0;0;0,9211633;
-0,2489269;-0,2489269;0,6618425;0,6618425;
-0,8044507;0;0;0,5940195;
-0,4873064;0;0;-0,8732311;
0,4991075;-0,4991075;-0,5008909;0,5008909;
-0,6576812;-0,6576812;0,2597219;0,2597219;
-0,3891873;0;0;0,9211586;
-0,2487642;-0,2487642;0,6619036;0,6619036;
-0,8044542;0;0;0,5940146;
-0,4871494;0;0;-0,8733187;
0,4990956;-0,4990956;-0,5009028;0,5009028;
-0,6576828;-0,6576828;0,259718;0,259718;
-0,3891928;0;0;0,9211563;
-0,2485144;-0,2485144;0,6619974;0,6619974;
-0,8044577;0;0;0,5940099;
-0,4868092;0;0;-0,8735085;
0,4991016;-0,4991016;-0,5008969;0,5008969;
-0,6576828;-0,6576828;0,259718;0,259718;
-0,3892039;0;0;0,9211516;
-0,2483914;-0,2483914;0,6620436;0,6620436;
-0,8044542;0;0;0,5940146;
-0,4866415;0;0;-0,8736019;
0,4991016;-0,4991016;-0,5008969;0,5008969;
-0,6576797;-0,6576797;0,2597257;0,2597257;
-0,3891984;0;0;0,921154;
-0,247939;-0,247939;0,6622132;0,6622132;
-0,8044685;0;0;0,5939954;
-0,4859605;0;0;-0,8739809;
0,4990775;-0,4990775;-0,5009208;0,5009208;
-0,6576781;-0,6576781;0,2597297;0,2597297;
-0,3891818;0;0;0,921161;
-0,2472284;-0,2472284;0,6624788;0,6624788;
-0,8045005;0;0;0,593952;
-0,4850381;0;0;-0,8744931;
0,4990715;-0,4990715;-0,5009269;0,5009269;
-0,6576952;-0,6576952;0,2596864;0,2596864;
-0,3891818;0;0;0,921161;
-0,2469426;-0,2469426;0,6625854;0,6625854;
-0,8045111;0;0;0,5939376;
-0,4846553;0;0;-0,8747053;
0,4990775;-0,4990775;-0,5009208;0,5009208;
-0,6577014;-0,6577014;0,2596707;0,2596707;
-0,3892094;0;0;0,9211493;
-0,2458502;-0,2458502;0,6629915;0,6629915;
-0,8045396;0;0;0,5938991;
-0,4833125;0;0;-0,8754479;
0,4990445;-0,4990445;-0,5009537;0,5009537;
-0,6576999;-0,6576999;0,2596746;0,2596746;
-0,3892259;0;0;0,9211423;
-0,2454727;-0,2454727;0,6631313;0,6631313;
-0,8045433;0;0;0,5938941;
-0,4828242;0;0;-0,8757173;
0,4990354;-0,4990354;-0,5009628;0,5009628;
-0,6576999;-0,6576999;0,2596746;0,2596746;
-0,3892315;0;0;0,92114;
-0,2442442;-0,2442442;0,6635848;0,6635848;
-0,8045681;0;0;0,5938605;
-0,4812961;0;0;-0,8765581;
0,4990354;-0,4990354;-0,5009628;0,5009628;
-0,6576984;-0,6576984;0,2596784;0,2596784;
-0,3892481;0;0;0,921133;
-0,2434288;-0,2434288;0,6638843;0,6638843;
-0,8045788;0;0;0,593846;
-0,4801814;0;0;-0,8771692;
0,4990205;-0,4990205;-0,5009776;0,5009776;
-0,6577045;-0,6577045;0,2596629;0,2596629;
-0,3892702;0;0;0,9211237;
-0,2420557;-0,2420557;0,6643862;0,6643862;
-0,8046037;0;0;0,5938122;
-0,4784033;0;0;-0,8781403;
0,4989994;-0,4989994;-0,5009986;0,5009986;
-0,6577107;-0,6577107;0,2596471;0,2596471;
-0,3893088;0;0;0,9211074;
-0,2405937;-0,2405937;0,6649171;0,6649171;
-0,8046108;0;0;0,5938026;
-0,4765229;0;0;-0,8791621;
0,4989874;-0,4989874;-0,5010106;0,5010106;
-0,6577186;-0,6577186;0,2596273;0,2596273;
-0,3893584;0;0;0,9210863;
-0,2390668;-0,2390668;0,6654676;0,6654676;
-0,8046251;0;0;0,5937832;
-0,4745716;0;0;-0,8802168;
0,4989695;-0,4989695;-0,5010284;0,5010284;
-0,6577232;-0,6577232;0,2596155;0,2596155;
-0,3894136;0;0;0,921063;
-0,2373871;-0,2373871;0,6660686;0,6660686;
-0,8046251;0;0;0,5937832;
-0,472412;0;0;-0,8813779;
0,4989424;-0,4989424;-0,5010554;0,5010554;
-0,6577342;-0,6577342;0,2595879;0,2595879;
-0,3894136;0;0;0,921063;
-0,2368359;-0,2368359;0,6662648;0,6662648;
-0,8046215;0;0;0,5937882;
-0,4717091;0;0;-0,8817543;
0,4989394;-0,4989394;-0,5010584;0,5010584;
-0,6577326;-0,6577326;0,2595918;0,2595918;
-0,3894412;0;0;0,9210513;
-0,2356976;-0,2356976;0,6666684;0,6666684;
-0,8046251;0;0;0,5937832;
-0,4702392;0;0;-0,8825391;
0,4989124;-0,4989124;-0,5010853;0,5010853;
-0,6577373;-0,6577373;0,2595799;0,2595799;
-0,3894467;0;0;0,921049;
-0,2351582;-0,2351582;0,6668588;0,6668588;
-0,8046215;0;0;0,5937882;
-0,4695302;0;0;-0,8829165;
0,4989064;-0,4989064;-0,5010912;0,5010912;
-0,6577342;-0,6577342;0,2595879;0,2595879;
-0,3894964;0;0;0,921028;
-0,2335468;-0,2335468;0,6674249;0,6674249;
-0,8046144;0;0;0,5937977;
-0,4672683;0;0;-0,8841156;
0,4988794;-0,4988794;-0,5011181;0,5011181;
-0,6577451;-0,6577451;0,2595601;0,2595601;
-0,3895406;0;0;0,9210093;
-0,2324266;-0,2324266;0,6678158;0,6678158;
-0,8046002;0;0;0,5938169;
-0,4657467;0;0;-0,8849182;
0,4988763;-0,4988763;-0,5011213;0,5011213;
-0,6577513;-0,6577513;0,2595444;0,2595444;
-0,3896068;0;0;0,9209813;
-0,2308009;-0,2308009;0,6683794;0,6683794;
-0,8045645;0;0;0,5938653;
-0,4634908;0;0;-0,8861017;
0,4988493;-0,4988493;-0,5011481;0,5011481;
-0,6577575;-0,6577575;0,2595285;0,2595285;
-0,3895902;0;0;0,9209883;
-0,2302601;-0,2302601;0,6685659;0,6685659;
-0,8045396;0;0;0,5938991;
-0,4627682;0;0;-0,8864794;
0,4988464;-0,4988464;-0,5011511;0,5011511;
-0,6577638;-0,6577638;0,2595128;0,2595128;
-0,3896289;0;0;0,920972;
-0,2286485;-0,2286485;0,6691187;0,6691187;
-0,8044969;0;0;0,5939568;
-0,4604763;0;0;-0,8876721;
0,4988193;-0,4988193;-0,5011779;0,5011779;
-0,6577653;-0,6577653;0,2595089;0,2595089;
-0,3896675;0;0;0,9209557;
-0,2275293;-0,2275293;0,6695002;0,6695002;
-0,8044435;0;0;0,5940291;
-0,4589962;0;0;-0,8884383;
0,4988133;-0,4988133;-0,5011839;0,5011839;
-0,6577668;-0,6577668;0,2595049;0,2595049;
-0,3896896;0;0;0,9209463;
-0,2264336;-0,2264336;0,6698715;0,6698715;
-0,8044007;0;0;0,5940872;
-0,4575151;0;0;-0,8892019;
0,4987772;-0,4987772;-0,5012198;0,5012198;
-0,6577731;-0,6577731;0,2594892;0,2594892;
-0,3897282;0;0;0,92093;
-0,2253572;-0,2253572;0,6702344;0,6702344;
-0,8043509;0;0;0,5941545;
-0,4560112;0;0;-0,8899741;
0,4987832;-0,4987832;-0,5012138;0,5012138;
-0,6577793;-0,6577793;0,2594734;0,2594734;
-0,3897447;0;0;0,9209229;
-0,224795;-0,224795;0,6704232;0,6704232;
-0,8043188;0;0;0,594198;
-0,4552376;0;0;-0,89037;
0,4987713;-0,4987713;-0,5012258;0,5012258;
-0,6577777;-0,6577777;0,2594773;0,2594773;
-0,3897723;0;0;0,9209113;
-0,223191;-0,223191;0,6709589;0,6709589;
-0,8042265;0;0;0,5943231;
-0,4529143;0;0;-0,891554;
0,4987562;-0,4987562;-0,5012407;0,5012407;
-0,6577824;-0,6577824;0,2594655;0,2594655;
-0,3898165;0;0;0,9208926;
-0,2215939;-0,2215939;0,671488;0,671488;
-0,8041229;0;0;0,5944631;
-0,4505503;0;0;-0,8927511;
0,4987351;-0,4987351;-0,5012618;0,5012618;
-0,6578011;-0,6578011;0,2594182;0,2594182;
-0,3898054;0;0;0,9208972;
-0,2210626;-0,2210626;0,6716631;0,6716631;
-0,8040801;0;0;0,5945209;
-0,4497902;0;0;-0,8931343;
0,4987291;-0,4987291;-0,5012677;0,5012677;
-0,6578026;-0,6578026;0,2594143;0,2594143;
-0,3898606;0;0;0,9208739;
-0,2199955;-0,2199955;0,6720134;0,6720134;
-0,8040125;0;0;0,5946124;
-0,4482586;0;0;-0,893904;
0,4987291;-0,4987291;-0,5012677;0,5012677;
-0,6578041;-0,6578041;0,2594104;0,2594104;
-0,3899103;0;0;0,9208528;
-0,2183839;-0,2183839;0,6725389;0,6725389;
-0,8038806;0;0;0,5947906;
-0,4460171;0;0;-0,8950245;
0,49869;-0,49869;-0,5013066;0,5013066;
-0,6578166;-0,6578166;0,2593788;0,2593788;
-0,3899158;0;0;0,9208505;
-0,2178435;-0,2178435;0,6727141;0,6727141;
-0,8038308;0;0;0,5948581;
-0,4452231;0;0;-0,8954197;
0,49869;-0,49869;-0,5013066;0,5013066;
-0,6578212;-0,6578212;0,259367;0,259367;
-0,3899601;0;0;0,9208317;
-0,216783;-0,216783;0,6730566;0,6730566;
-0,8037346;0;0;0,594988;
-0,443682;0;0;-0,8961844;
0,4986689;-0,4986689;-0,5013275;0,5013275;
-0,6578166;-0,6578166;0,2593788;0,2593788;
-0,3899822;0;0;0,9208224;
-0,2151688;-0,2151688;0,6735743;0,6735743;
-0,8035848;0;0;0,5951903;
-0,4413759;0;0;-0,8973224;
0,498654;-0,498654;-0,5013424;0,5013424;
-0,6578197;-0,6578197;0,259371;0,259371;
-0,3900263;0;0;0,9208037;
-0,2141228;-0,2141228;0,6739076;0,6739076;
-0,8034742;0;0;0,5953396;
-0,4397667;0;0;-0,898112;
0,498639;-0,498639;-0,5013573;0,5013573;
-0,6578337;-0,6578337;0,2593354;0,2593354;
-0,3900429;0;0;0,9207967;
-0,2125875;-0,2125875;0,6743935;0,6743935;
-0,8033134;0;0;0,5955564;
-0,4374019;0;0;-0,8992662;
0,4986089;-0,4986089;-0,5013872;0,5013872;
-0,6578384;-0,6578384;0,2593235;0,2593235;
-0,3900374;0;0;0,920799;
-0,212062;-0,212062;0,6745589;0,6745589;
-0,8032494;0;0;0,5956429;
-0,4365608;0;0;-0,8996748;
0,498603;-0,498603;-0,5013931;0,5013931;
-0,6578337;-0,6578337;0,2593354;0,2593354;
-0,390087;0;0;0,920778;
-0,2105088;-0,2105088;0,6750453;0,6750453;
-0,8030636;0;0;0,5958933;
-0,4342184;0;0;-0,9008077;
0,4985758;-0,4985758;-0,5014201;0,5014201;
-0,6578431;-0,6578431;0,2593116;0,2593116;
-0,3901256;0;0;0,9207616;
-0,2099868;-0,2099868;0,6752078;0,6752078;
-0,802985;0;0;0,5959993;
-0,4334194;0;0;-0,9011923;
0,4985758;-0,4985758;-0,5014201;0,5014201;
-0,6578431;-0,6578431;0,2593116;0,2593116;
-0,3901532;0;0;0,92075;
-0,2084403;-0,2084403;0,6756868;0,6756868;
-0,8027958;0;0;0,5962541;
-0,4310734;0;0;-0,9023169;
0,4985369;-0,4985369;-0,5014589;0,5014589;
-0,6578571;-0,6578571;0,2592762;0,2592762;
-0,3902139;0;0;0,9207242;
-0,2068564;-0,2068564;0,6761734;0,6761734;
-0,8025848;0;0;0,5965381;
-0,428719;0;0;-0,9034379;
0,4984767;-0,4984767;-0,5015187;0,5015187;
-0,6578571;-0,6578571;0,2592762;0,2592762;
-0,3902194;0;0;0,9207219;
-0,2063415;-0,2063415;0,6763307;0,6763307;
-0,8025098;0;0;0,596639;
-0,4279768;0;0;-0,9037896;
0,4984798;-0,4984798;-0,5015157;0,5015157;
-0,6578571;-0,6578571;0,2592762;0,2592762;
-0,3902305;0;0;0,9207172;
-0,2048007;-0,2048007;0,6767989;0,6767989;
-0,8022952;0;0;0,5969275;
-0,425543;0;0;-0,9049383;
0,4984225;-0,4984225;-0,5015725;0,5015725;
-0,6578648;-0,6578648;0,2592565;0,2592565;
-0,3902746;0;0;0,9206985;
-0,2037781;-0,2037781;0,6771075;0,6771075;
-0,802127;0;0;0,5971535;
-0,4238932;0;0;-0,9057121;
0,4983895;-0,4983895;-0,5016055;0,5016055;
-0,6578804;-0,6578804;0,2592169;0,2592169;
-0,3902912;0;0;0,9206915;
-0,2022314;-0,2022314;0,6775711;0,6775711;
-0,8018835;0;0;0,5974805;
-0,4214432;0;0;-0,9068549;
0,4983834;-0,4983834;-0,5016114;0,5016114;
-0,6578758;-0,6578758;0,2592286;0,2592286;
-0,3903518;0;0;0,9206657;
-0,2007445;-0,2007445;0,678013;0,678013;
-0,8016364;0;0;0,5978119;
-0,4190279;0;0;-0,9079734;
0,4983534;-0,4983534;-0,5016412;0,5016412;
-0,6578788;-0,6578788;0,2592209;0,2592209;
-0,3904015;0;0;0,9206447;
-0,1992567;-0,1992567;0,6784518;0,6784518;
-0,8013892;0;0;0,5981433;
-0,4166427;0;0;-0,9090704;
0,4983473;-0,4983473;-0,5016472;0,5016472;
-0,6578866;-0,6578866;0,2592012;0,2592012;
-0,390396;0;0;0,9206471;
-0,198728;-0,198728;0,6786068;0,6786068;
-0,8012996;0;0;0,5982633;
-0,4158798;0;0;-0,9094197;
0,4983473;-0,4983473;-0,5016472;0,5016472;
-0,6578897;-0,6578897;0,2591934;0,2591934;
-0,3904511;0;0;0,9206237;
-0,1972225;-0,1972225;0,6790459;0,6790459;
-0,8010125;0;0;0,5986476;
-0,4134688;0;0;-0,9105183;
0,4983324;-0,4983324;-0,5016621;0,5016621;
-0,6578928;-0,6578928;0,2591856;0,2591856;
-0,3904898;0;0;0,9206073;
-0,1956998;-0,1956998;0,6794863;0,6794863;
-0,8007434;0;0;0,5990075;
-0,4110057;0;0;-0,9116328;
0,4983113;-0,4983113;-0,501683;0,501683;
-0,6578959;-0,6578959;0,2591776;0,2591776;
-0,3905284;0;0;0,9205909;
-0,1941681;-0,1941681;0,6799256;0,6799256;
-0,8004454;0;0;0,5994057;
-0,4085016;0;0;-0,9127576;
0,4983113;-0,4983113;-0,501683;0,501683;
-0,6579052;-0,6579052;0,259154;0,259154;
-0,3905228;0;0;0,9205933;
-0,1936665;-0,1936665;0,6800686;0,6800686;
-0,8003485;0;0;0,5995351;
-0,4076806;0;0;-0,9131247;
0,4982933;-0,4982933;-0,501701;0,501701;
-0,6579052;-0,6579052;0,259154;0,259154;
-0,3905394;0;0;0,9205862;
-0,1932021;-0,1932021;0,6802007;0,6802007;
-0,8002477;0;0;0,5996696;
-0,4068486;0;0;-0,9134957;
0,4982752;-0,4982752;-0,5017189;0,5017189;
-0,6579021;-0,6579021;0,2591619;0,2591619;
-0,3905725;0;0;0,9205722;
-0,1917418;-0,1917418;0,6806138;0,6806138;
-0,7999674;0;0;0,6000435;
-0,4043884;0;0;-0,9145873;
0,4982752;-0,4982752;-0,5017189;0,5017189;
-0,6579021;-0,6579021;0,2591619;0,2591619;
-0,3906001;0;0;0,9205605;
-0,1907747;-0,1907747;0,6808854;0,6808854;
-0,7997515;0;0;0,6003312;
-0,4027871;0;0;-0,9152937;
0,4982632;-0,4982632;-0,5017307;0,5017307;
-0,6579083;-0,6579083;0,2591461;0,2591461;
-0,3906442;0;0;0,9205418;
-0,189783;-0,189783;0,6811625;0,6811625;
-0,7995248;0;0;0,6006331;
-0,4011513;0;0;-0,9160119;
0,4982542;-0,4982542;-0,5017398;0,5017398;
-0,6579224;-0,6579224;0,2591104;0,2591104;
-0,3906663;0;0;0,9205324;
-0,1888273;-0,1888273;0,6814281;0,6814281;
-0,799298;0;0;0,6009347;
-0,3995199;0;0;-0,9167246;
0,4982512;-0,4982512;-0,5017428;0,5017428;
-0,6579192;-0,6579192;0,2591185;0,2591185;
-0,3907104;0;0;0,9205137;
-0,1873401;-0,1873401;0,6818385;0,6818385;
-0,7989594;0;0;0,601385;
-0,39698;0;0;-0,9178274;
0,4982182;-0,4982182;-0,5017756;0,5017756;
-0,6579224;-0,6579224;0,2591104;0,2591104;
-0,3907159;0;0;0,9205113;
-0,1863551;-0,1863551;0,6821083;0,6821083;
-0,7987177;0;0;0,6017059;
-0,3953013;0;0;-0,9185516;
0,4982151;-0,4982151;-0,5017785;0,5017785;
-0,6579286;-0,6579286;0,2590947;0,2590947;
-0,390749;0;0;0,9204972;
-0,1853531;-0,1853531;0,6823813;0,6823813;
-0,7984761;0;0;0,6020265;
-0,3936102;0;0;-0,9192775;
0,498185;-0,498185;-0,5018085;0,5018085;
-0,6579286;-0,6579286;0,2590947;0,2590947;
-0,3907711;0;0;0,9204879;
-0,1848705;-0,1848705;0,6825122;0,6825122;
-0,7983391;0;0;0,6022082;
-0,3927669;0;0;-0,919638;
0,498188;-0,498188;-0,5018055;0,5018055;
-0,6579332;-0,6579332;0,2590829;0,2590829;
-0,3908044;0;0;0,9204738;
-0,1834464;-0,1834464;0,6828964;0,6828964;
-0,7979708;0;0;0,6026961;
-0,390296;0;0;-0,9206895;
0,498152;-0,498152;-0,5018412;0,5018412;
-0,6579394;-0,6579394;0,259067;0,259067;
-0,3908209;0;0;0,9204668;
-0,1824801;-0,1824801;0,6831552;0,6831552;
-0,7977179;0;0;0,6030308;
-0,3886618;0;0;-0,9213806;
0,498149;-0,498149;-0,5018442;0,5018442;
-0,6579332;-0,6579332;0,2590829;0,2590829;
-0,3908485;0;0;0,920455;
-0,1810836;-0,1810836;0,6835267;0,6835267;
-0,79732;0;0;0,6035568;
-0,3861809;0;0;-0,9224231;
0,4981219;-0,4981219;-0,501871;0,501871;
-0,6579441;-0,6579441;0,2590553;0,2590553;
-0,3908981;0;0;0,920434;
-0,1801778;-0,1801778;0,6837661;0,6837661;
-0,7970524;0;0;0,6039101;
-0,3845159;0;0;-0,9231184;
0,4980917;-0,4980917;-0,5019011;0,5019011;
-0,6579565;-0,6579565;0,2590237;0,2590237;
-0,3908981;0;0;0,920434;
-0,1797146;-0,1797146;0,683888;0,683888;
-0,7969259;0;0;0,6040771;
-0,3836913;0;0;-0,9234615;
0,4980857;-0,4980857;-0,5019071;0,5019071;
-0,6579518;-0,6579518;0,2590355;0,2590355;
-0,3909367;0;0;0,9204176;
-0,1783125;-0,1783125;0,6842548;0,6842548;
-0,7965311;0;0;0,6045976;
-0,3810992;0;0;-0,9245341;
0,4980587;-0,4980587;-0,5019339;0,5019339;
-0,6579565;-0,6579565;0,2590237;0,2590237;
-0,3909533;0;0;0,9204106;
-0,1778284;-0,1778284;0,6843808;0,6843808;
-0,7963932;0;0;0,6047791;
-0,3802846;0;0;-0,9248696;
0,4980616;-0,4980616;-0,5019309;0,5019309;
-0,6579596;-0,6579596;0,2590157;0,2590157;
-0,3909808;0;0;0,9203988;
-0,1764084;-0,1764084;0,6847482;0,6847482;
-0,7959871;0;0;0,6053135;
-0,3777274;0;0;-0,9259169;
0,4980316;-0,4980316;-0,5019607;0,5019607;
-0,6579596;-0,6579596;0,2590157;0,2590157;
-0,391036;0;0;0,9203754;
-0,1750292;-0,1750292;0,685102;0,685102;
-0,7955734;0;0;0,6058573;
-0,3752342;0;0;-0,9269301;
0,4980046;-0,4980046;-0,5019875;0,5019875;
-0,6579658;-0,6579658;0,2589999;0,2589999;
-0,3910691;0;0;0,9203613;
-0,1737187;-0,1737187;0,6854355;0,6854355;
-0,7951413;0;0;0,6064243;
-0,3730051;0;0;-0,9278293;
0,4979835;-0,4979835;-0,5020084;0,5020084;
-0,6579643;-0,6579643;0,2590039;0,2590039;
-0,3910856;0;0;0,9203543;
-0,1731109;-0,1731109;0,6855893;0,6855893;
-0,7949194;0;0;0,606715;
-0,3719149;0;0;-0,9282669;
0,4979804;-0,4979804;-0,5020115;0,5020115;
-0,6579828;-0,6579828;0,2589568;0,2589568;
-0,3910967;0;0;0,9203496;
-0,1727614;-0,1727614;0,6856774;0,6856774;
-0,7948067;0;0;0,6068627;
-0,3712192;0;0;-0,9285452;
0,4979864;-0,4979864;-0,5020055;0,5020055;
-0,6579705;-0,6579705;0,2589881;0,2589881;
-0,3911132;0;0;0,9203426;
-0,1726751;-0,1726751;0,6856992;0,6856992;
-0,7947848;0;0;0,6068913;
-0,3710357;0;0;-0,9286187;
0,4979835;-0,4979835;-0,5020084;0,5020084;
-0,6579705;-0,6579705;0,2589881;0,2589881;
-0,3910911;0;0;0,920352;
-0,1726708;-0,1726708;0,6857002;0,6857002;
-0,7947776;0;0;0,6069008;
-0,370952;0;0;-0,9286521;
0,4979924;-0,4979924;-0,5019996;0,5019996;
-0,6579689;-0,6579689;0,2589921;0,2589921;
