-0,3911076;0;0;0,9203449;
-0,1727696;-0,1727696;0,6856754;0,6856754;
-0,7947848;0;0;0,6068913;
-0,3710912;0;0;-0,9285964;
0,4979654;-0,4979654;-0,5020264;0,5020264;
-0,6579828;-0,6579828;0,2589568;0,2589568;
-0,3911076;0;0;0,9203449;
-0,172782;-0,172782;0,6856722;0,6856722;
-0,7947921;0;0;0,6068818;
-0,3710803;0;0;-0,9286007;
0,4979654;-0,4979654;-0,5020264;0,5020264;
-0,6579828;-0,6579828;0,2589568;0,2589568;
-0,3911187;0;0;0,9203402;
-0,1727779;-0,1727779;0,6856732;0,6856732;
-0,7947921;0;0;0,6068818;
-0,3710691;0;0;-0,9286053;
0,4979685;-0,4979685;-0,5020233;0,5020233;
-0,6579813;-0,6579813;0,2589606;0,2589606;
-0,3911242;0;0;0,9203379;
-0,172782;-0,172782;0,6856722;0,6856722;
-0,7947957;0;0;0,6068771;
-0,3710968;0;0;-0,9285943;
0,4979685;-0,4979685;-0,5020233;0,5020233;
-0,6579844;-0,6579844;0,2589528;0,2589528;
-0,3911242;0;0;0,9203379;
-0,1727738;-0,1727738;0,6856743;0,6856743;
-0,7947884;0;0;0,6068866;
-0,3710803;0;0;-0,9286007;
0,4979685;-0,4979685;-0,5020233;0,5020233;
-0,657986;-0,657986;0,2589488;0,2589488;
-0,3911132;0;0;0,9203426;
-0,172782;-0,172782;0,6856722;0,6856722;
-0,7947813;0;0;0,606896;
-0,3710912;0;0;-0,9285964;
0,4979594;-0,4979594;-0,5020323;0,5020323;
-0,6579828;-0,6579828;0,2589568;0,2589568;
-0,3911021;0;0;0,9203473;
-0,172782;-0,172782;0,6856722;0,6856722;
-0,7948067;0;0;0,6068627;
-0,3711248;0;0;-0,928583;
0,4979594;-0,4979594;-0,5020323;0,5020323;
-0,657986;-0,657986;0,2589488;0,2589488;
-0,3911297;0;0;0,9203356;
-0,1727983;-0,1727983;0,6856681;0,6856681;
-0,7948031;0;0;0,6068674;
-0,3711693;0;0;-0,9285653;
0,4979563;-0,4979563;-0,5020354;0,5020354;
-0,6579798;-0,6579798;0,2589646;0,2589646;
-0,3911187;0;0;0,9203402;
-0,1728189;-0,1728189;0,6856629;0,6856629;
-0,7948139;0;0;0,6068532;
-0,3712416;0;0;-0,9285364;
0,4979654;-0,4979654;-0,5020264;0,5020264;
-0,6579828;-0,6579828;0,2589568;0,2589568;
-0,3911242;0;0;0,9203379;
-0,1729216;-0,1729216;0,6856371;0,6856371;
-0,7948395;0;0;0,6068197;
-0,3714196;0;0;-0,9284651;
0,4979625;-0,4979625;-0,5020293;0,5020293;
-0,6579828;-0,6579828;0,2589568;0,2589568;
-0,3911132;0;0;0,9203426;
-0,172971;-0,172971;0,6856246;0,6856246;
-0,794854;0;0;0,6068007;
-0,371453;0;0;-0,9284518;
0,4979654;-0,4979654;-0,5020264;0,5020264;
-0,657986;-0,657986;0,2589488;0,2589488;
-0,3911076;0;0;0,9203449;
-0,173156;-0,173156;0,6855779;0,6855779;
-0,7949303;0;0;0,6067008;
-0,3718092;0;0;-0,9283093;
0,4979685;-0,4979685;-0,5020233;0,5020233;
-0,6579798;-0,6579798;0,2589646;0,2589646;
-0,3911242;0;0;0,9203379;
-0,1734188;-0,1734188;0,6855115;0,6855115;
-0,795032;0;0;0,6065674;
-0,3723265;0;0;-0,9281018;
0,4979654;-0,4979654;-0,5020264;0,5020264;
-0,657986;-0,657986;0,2589488;0,2589488;
-0,3911132;0;0;0,9203426;
-0,1735669;-0,1735669;0,685474;0,685474;
-0,7950867;0;0;0,6064957;
-0,3725711;0;0;-0,9280036;
0,4979685;-0,4979685;-0,5020233;0,5020233;
-0,6579813;-0,6579813;0,2589606;0,2589606;
-0,3910801;0;0;0,9203566;
-0,1737065;-0,1737065;0,6854386;0,6854386;
-0,7951303;0;0;0,6064387;
-0,3728605;0;0;-0,9278874;
0,4979685;-0,4979685;-0,5020233;0,5020233;
-0,6579798;-0,6579798;0,2589646;0,2589646;
-0,3910911;0;0;0,920352;
-0,1740269;-0,1740269;0,6853573;0,6853573;
-0,7952428;0;0;0,6062911;
-0,3734612;0;0;-0,9276458;
0,4979985;-0,4979985;-0,5019936;0,5019936;
-0,6579828;-0,6579828;0,2589568;0,2589568;
-0,3910746;0;0;0,920359;
-0,1747087;-0,1747087;0,6851838;0,6851838;
-0,7954682;0;0;0,6059954;
-0,3746842;0;0;-0,9271526;
0,4979895;-0,4979895;-0,5020025;0,5020025;
-0,657986;-0,657986;0,2589488;0,2589488;
-0,391058;0;0;0,920366;
-0,1753124;-0,1753124;0,6850296;0,6850296;
-0,7956496;0;0;0,6057572;
-0,3757564;0;0;-0,9267185;
0,4979985;-0,4979985;-0,5019936;0,5019936;
-0,6579798;-0,6579798;0,2589646;0,2589646;
-0,391025;0;0;0,9203801;
-0,1762937;-0,1762937;0,6847777;0,6847777;
-0,7959508;0;0;0,6053613;
-0,3774833;0;0;-0,9260164;
0,4980076;-0,4980076;-0,5019846;0,5019846;
-0,6579813;-0,6579813;0,2589606;0,2589606;
-0,3909919;0;0;0,9203941;
-0,1769749;-0,1769749;0,684602;0,684602;
-0,7961613;0;0;0,6050844;
-0,3787153;0;0;-0,9255133;
0,4980316;-0,4980316;-0,5019607;0,5019607;
-0,6579844;-0,6579844;0,2589528;0,2589528;
-0,3910029;0;0;0,9203895;
-0,1776848;-0,1776848;0,6844181;0,6844181;
-0,7963716;0;0;0,6048077;
-0,3800683;0;0;-0,9249584;
0,4980286;-0,4980286;-0,5019637;0,5019637;
-0,6579813;-0,6579813;0,2589606;0,2589606;
-0,3909588;0;0;0,9204082;
-0,1788126;-0,1788126;0,6841244;0,6841244;
-0,7967085;0;0;0,6043638;
-0,382141;0;0;-0,9241041;
0,4980527;-0,4980527;-0,5019398;0,5019398;
-0,6579705;-0,6579705;0,2589881;0,2589881;
-0,3909422;0;0;0,9204152;
-0,1800467;-0,1800467;0,6838006;0,6838006;
-0,7970524;0;0;0,6039101;
-0,3843667;0;0;-0,9231806;
0,4980587;-0,4980587;-0,5019339;0,5019339;
-0,6579612;-0,6579612;0,2590118;0,2590118;
-0,3909036;0;0;0,9204316;
-0,1804688;-0,1804688;0,6836893;0,6836893;
-0,7971538;0;0;0,6037763;
-0,3851411;0;0;-0,9228578;
0,4980646;-0,4980646;-0,501928;0,501928;
-0,6579643;-0,6579643;0,2590039;0,2590039;
-0,3908705;0;0;0,9204457;
-0,1818168;-0,1818168;0,683332;0,683332;
-0,7975371;0;0;0,6032699;
-0,387524;0;0;-0,9218597;
0,4980917;-0,4980917;-0,5019011;0,5019011;
-0,6579565;-0,6579565;0,2590237;0,2590237;
-0,390854;0;0;0,9204527;
-0,1832579;-0,1832579;0,682947;0,682947;
-0,7979167;0;0;0,6027678;
-0,3900312;0;0;-0,9208017;
0,4981098;-0,4981098;-0,501883;0,501883;
-0,6579612;-0,6579612;0,2590118;0,2590118;
-0,3908099;0;0;0,9204714;
-0,1837533;-0,1837533;0,6828138;0,6828138;
-0,798043;0;0;0,6026005;
-0,3909197;0;0;-0,9204248;
0,4981279;-0,4981279;-0,5018651;0,5018651;
-0,6579581;-0,6579581;0,2590197;0,2590197;
-0,3907876;0;0;0,9204809;
-0,1852467;-0,1852467;0,6824102;0,6824102;
-0,79844;0;0;0,6020744;
-0,3935057;0;0;-0,9193223;
0,4981369;-0,4981369;-0,5018562;0,5018562;
-0,657955;-0,657955;0,2590276;0,2590276;
-0,3907876;0;0;0,9204809;
-0,1857661;-0,1857661;0,682269;0,682269;
-0,7985592;0;0;0,6019163;
-0,394365;0;0;-0,918954;
0,498158;-0,498158;-0,5018353;0,5018353;
-0,6579534;-0,6579534;0,2590315;0,2590315;
-0,3907545;0;0;0,9204949;
-0,1867231;-0,1867231;0,6820077;0,6820077;
-0,7988187;0;0;0,6015719;
-0,3960831;0;0;-0,9182147;
0,498164;-0,498164;-0,5018294;0,5018294;
-0,6579363;-0,6579363;0,2590751;0,2590751;
-0,390738;0;0;0,9205019;
-0,1876998;-0,1876998;0,6817396;0,6817396;
-0,7990602;0;0;0,6012511;
-0,3977719;0;0;-0,9174843;
0,498179;-0,498179;-0,5018144;0,5018144;
-0,6579441;-0,6579441;0,2590553;0,2590553;
-0,3906994;0;0;0,9205183;
-0,1886719;-0,1886719;0,6814711;0,6814711;
-0,7992944;0;0;0,6009398;
-0,399454;0;0;-0,9167533;
0,4981911;-0,4981911;-0,5018024;0,5018024;
-0,6579441;-0,6579441;0,2590553;0,2590553;
-0,3906552;0;0;0,9205371;
-0,1901586;-0,1901586;0,6810578;0,6810578;
-0,7996365;0;0;0,6004844;
-0,4019311;0;0;-0,91567;
0,498212;-0,498212;-0,5017816;0,5017816;
-0,657941;-0,657941;0,2590631;0,2590631;
-0,3906498;0;0;0,9205394;
-0,1916032;-0,1916032;0,6806528;0,6806528;
-0,7999674;0;0;0,6000435;
-0,4044048;0;0;-0,9145802;
0,4982422;-0,4982422;-0,5017517;0,5017517;
-0,6579378;-0,6579378;0,2590711;0,2590711;
-0,390589;0;0;0,9205651;
-0,1920926;-0,1920926;0,6805149;0,6805149;
-0,8000683;0;0;0,5999091;
-0,4052655;0;0;-0,9141991;
0,4982422;-0,4982422;-0,5017517;0,5017517;
-0,6579363;-0,6579363;0,2590751;0,2590751;
-0,390589;0;0;0,9205651;
-0,1925699;-0,1925699;0,6803799;0,6803799;
-0,8001723;0;0;0,5997701;
-0,4060817;0;0;-0,9138368;
0,4982542;-0,4982542;-0,5017398;0,5017398;
-0,6579301;-0,6579301;0,2590907;0,2590907;
-0,390589;0;0;0,9205651;
-0,1941026;-0,1941026;0,6799443;0,6799443;
-0,8004705;0;0;0,5993721;
-0,4086219;0;0;-0,9127037;
0,4982782;-0,4982782;-0,501716;0,501716;
-0,6579286;-0,6579286;0,2590947;0,2590947;
-0,390567;0;0;0,9205745;
-0,1946244;-0,1946244;0,6797951;0,6797951;
-0,8005711;0;0;0,5992377;
-0,4094534;0;0;-0,9123311;
0,4982813;-0,4982813;-0,5017129;0,5017129;
-0,6579301;-0,6579301;0,2590907;0,2590907;
-0,3905284;0;0;0,9205909;
-0,1961476;-0,1961476;0,6793572;0,6793572;
-0,8008583;0;0;0,5988539;
-0,4119455;0;0;-0,9112085;
0,4982993;-0,4982993;-0,501695;0,501695;
-0,6579239;-0,6579239;0,2591065;0,2591065;
-0,3904898;0;0;0,9206073;
-0,1976822;-0,1976822;0,6789122;0,6789122;
-0,8011238;0;0;0,5984986;
-0,4143799;0;0;-0,910104;
0,4983143;-0,4983143;-0,5016801;0,5016801;
-0,6579114;-0,6579114;0,2591383;0,2591383;
-0,3904622;0;0;0,920619;
-0,19922;-0,19922;0,6784626;0,6784626;
-0,8014036;0;0;0,598124;
-0,4167463;0;0;-0,9090229;
0,4983414;-0,4983414;-0,5016532;0,5016532;
-0,6579162;-0,6579162;0,2591262;0,2591262;
-0,390429;0;0;0,920633;
-0,199708;-0,199708;0,6783191;0,6783191;
-0,8014931;0;0;0,598004;
-0,4175579;0;0;-0,9086503;
0,4983444;-0,4983444;-0,5016502;0,5016502;
-0,6579099;-0,6579099;0,2591422;0,2591422;
-0,3903739;0;0;0,9206564;
-0,2011995;-0,2011995;0,6778781;0,6778781;
-0,8017367;0;0;0,5976774;
-0,4200239;0;0;-0,907513;
0,4983624;-0,4983624;-0,5016323;0,5016323;
-0,6579099;-0,6579099;0,2591422;0,2591422;
-0,3903518;0;0;0,9206657;
-0,2027348;-0,2027348;0,6774206;0,6774206;
-0,8019946;0;0;0,5973313;
-0,4225138;0;0;-0,9063565;
0,4984135;-0,4984135;-0,5015815;0,5015815;
-0,6578959;-0,6578959;0,2591776;0,2591776;
-0,3903077;0;0;0,9206845;
-0,2037618;-0,2037618;0,6771123;0,6771123;
-0,8021592;0;0;0,5971103;
-0,4241536;0;0;-0,9055904;
0,4984135;-0,4984135;-0,5015815;0,5015815;
-0,6578959;-0,6578959;0,2591776;0,2591776;
-0,3902912;0;0;0,9206915;
-0,2053035;-0,2053035;0,6766465;0,6766465;
-0,8023775;0;0;0,5968169;
-0,426573;0;0;-0,9044532;
0,4984376;-0,4984376;-0,5015575;0,5015575;
-0,6578975;-0,6578975;0,2591737;0,2591737;
-0,390236;0;0;0,9207149;
-0,2068928;-0,2068928;0,6761622;0,6761622;
-0,8026133;0;0;0,5964996;
-0,4289305;0;0;-0,9033376;
0,4984948;-0,4984948;-0,5015007;0,5015007;
-0,6578928;-0,6578928;0,2591856;0,2591856;
-0,3902194;0;0;0,9207219;
-0,2084727;-0,2084727;0,6756768;0,6756768;
-0,8028172;0;0;0,5962252;
-0,431241;0;0;-0,9022368;
0,4985398;-0,4985398;-0,5014559;0,5014559;
-0,6578758;-0,6578758;0,2592286;0,2592286;
-0,3901974;0;0;0,9207312;
-0,2089667;-0,2089667;0,6755242;0,6755242;
-0,8028921;0;0;0,5961244;
-0,4320521;0;0;-0,9018487;
0,4985428;-0,4985428;-0,5014529;0,5014529;
-0,6578773;-0,6578773;0,2592247;0,2592247;
-0,3901532;0;0;0,92075;
-0,2105168;-0,2105168;0,6750427;0,6750427;
-0,8030707;0;0;0,5958837;
-0,4344239;0;0;-0,9007086;
0,4985788;-0,4985788;-0,5014172;0,5014172;
-0,6578758;-0,6578758;0,2592286;0,2592286;
-0,3901477;0;0;0,9207523;
-0,2115484;-0,2115484;0,6747202;0,6747202;
-0,8031958;0;0;0,5957151;
-0,4360159;0;0;-0,899939;
0,4985968;-0,4985968;-0,5013992;0,5013992;
-0,657871;-0,657871;0,2592407;0,2592407;
-0,390098;0;0;0,9207734;
-0,2131047;-0,2131047;0,6742302;0,6742302;
-0,8033813;0;0;0,5954649;
-0,4384149;0;0;-0,8987728;
0,4986089;-0,4986089;-0,5013872;0,5013872;
-0,6578617;-0,6578617;0,2592643;0,2592643;
-0,390087;0;0;0,920778;
-0,2146721;-0,2146721;0,6737328;0,6737328;
-0,8035206;0;0;0,595277;
-0,4408109;0;0;-0,8975999;
0,4986089;-0,4986089;-0,5013872;0,5013872;
-0,6578633;-0,6578633;0,2592604;0,2592604;
-0,3900429;0;0;0,9207967;
-0,2162625;-0,2162625;0,673224;0,673224;
-0,8036916;0;0;0,5950461;
-0,4430748;0;0;-0,8964847;
0,498642;-0,498642;-0,5013544;0,5013544;
-0,6578431;-0,6578431;0,2593116;0,2593116;
-0,3900263;0;0;0,9208037;
-0,2168193;-0,2168193;0,6730449;0,6730449;
-0,8037274;0;0;0,5949978;
-0,4438322;0;0;-0,8961099;
0,498639;-0,498639;-0,5013573;0,5013573;
-0,6578462;-0,6578462;0,2593038;0,2593038;
-0,3899932;0;0;0,9208177;
-0,2184563;-0,2184563;0,6725153;0,6725153;
-0,8038628;0;0;0,5948148;
-0,4461353;0;0;-0,8949656;
0,498651;-0,498651;-0,5013454;0,5013454;
-0,6578431;-0,6578431;0,2593116;0,2593116;
-0,3899767;0;0;0,9208248;
-0,2189802;-0,2189802;0,6723449;0,6723449;
-0,8039056;0;0;0,5947569;
-0,4468755;0;0;-0,8945962;
0,498672;-0,498672;-0,5013244;0,5013244;
-0,6578415;-0,6578415;0,2593156;0,2593156;
-0,3899213;0;0;0,9208482;
-0,2205674;-0,2205674;0,6718259;0,6718259;
-0,8040304;0;0;0,5945882;
-0,449164;0;0;-0,8934494;
0,498672;-0,498672;-0,5013244;0,5013244;
-0,6578368;-0,6578368;0,2593276;0,2593276;
-0,3899103;0;0;0,9208528;
-0,221602;-0,221602;0,6714854;0,6714854;
-0,8041051;0;0;0,5944872;
-0,4507002;0;0;-0,8926755;
0,498684;-0,498684;-0,5013125;0,5013125;
-0,6578244;-0,6578244;0,2593591;0,2593591;
-0,3898827;0;0;0,9208645;
-0,222636;-0,222636;0,6711432;0,6711432;
-0,804155;0;0;0,5944197;
-0,4522462;0;0;-0,8918932;
0,498714;-0,498714;-0,5012828;0,5012828;
-0,6578244;-0,6578244;0,2593591;0,2593591;
-0,3898606;0;0;0,9208739;
-0,2236977;-0,2236977;0,6707901;0,6707901;
-0,8042192;0;0;0,5943328;
-0,4538173;0;0;-0,8910948;
0,4986991;-0,4986991;-0,5012976;0,5012976;
-0,6578244;-0,6578244;0,2593591;0,2593591;
-0,3898441;0;0;0,9208809;
-0,2242161;-0,2242161;0,670617;0,670617;
-0,8042585;0;0;0,5942798;
-0,4545488;0;0;-0,8907218;
0,498714;-0,498714;-0,5012828;0,5012828;
-0,6578212;-0,6578212;0,259367;0,259367;
-0,3898109;0;0;0,9208949;
-0,2258273;-0,2258273;0,6700761;0,6700761;
-0,8043473;0;0;0,5941595;
-0,4567847;0;0;-0,8895774;
0,4987382;-0,4987382;-0,5012587;0,5012587;
-0,6578073;-0,6578073;0,2594025;0,2594025;
-0,3897944;0;0;0,9209019;
-0,2263575;-0,2263575;0,6698973;0,6698973;
-0,8043616;0;0;0,5941401;
-0,4574938;0;0;-0,8892129;
0,4987411;-0,4987411;-0,5012557;0,5012557;
-0,6578104;-0,6578104;0,2593946;0,2593946;
-0,3897889;0;0;0,9209042;
-0,2280028;-0,2280028;0,669339;0,669339;
-0,8044328;0;0;0,5940437;
-0,4597099;0;0;-0,8880692;
0,4987622;-0,4987622;-0,5012348;0,5012348;
-0,6578104;-0,6578104;0,2593946;0,2593946;
-0,3897282;0;0;0,92093;
-0,2296307;-0,2296307;0,6687823;0,6687823;
-0,8045111;0;0;0,5939376;
-0,4619284;0;0;-0,8869173;
0,4987862;-0,4987862;-0,5012109;0,5012109;
-0,6577932;-0,6577932;0,2594381;0,2594381;
-0,3897116;0;0;0,9209369;
-0,2312334;-0,2312334;0,6682299;0,6682299;
-0,8045433;0;0;0,5938941;
-0,4641706;0;0;-0,8857458;
0,4987983;-0,4987983;-0,5011989;0,5011989;
-0,6577964;-0,6577964;0,2594301;0,2594301;
-0,3896675;0;0;0,9209557;
-0,2328187;-0,2328187;0,6676792;0,6676792;
-0,8045717;0;0;0,5938555;
-0,4664362;0;0;-0,8845549;
0,4988312;-0,4988312;-0,501166;0,501166;
-0,6577932;-0,6577932;0,2594381;0,2594381;
-0,3896454;0;0;0,920965;
-0,2339029;-0,2339029;0,6673001;0,6673001;
-0,8045859;0;0;0,5938363;
-0,4678832;0;0;-0,8837904;
0,4988403;-0,4988403;-0,501157;0,501157;
-0,6577746;-0,6577746;0,2594853;0,2594853;
-0,3896123;0;0;0,920979;
-0,2344347;-0,2344347;0,6671135;0,6671135;
-0,8046002;0;0;0,5938169;
-0,4686139;0;0;-0,8834031;
0,4988584;-0,4988584;-0,5011391;0,5011391;
-0,6577793;-0,6577793;0,2594734;0,2594734;
-0,3895958;0;0;0,9209859;
-0,2360612;-0,2360612;0,6665397;0,6665397;
-0,8046037;0;0;0,5938122;
-0,4707574;0;0;-0,8822628;
0,4988763;-0,4988763;-0,5011213;0,5011213;
-0,6577731;-0,6577731;0,2594892;0,2594892;
-0,3895516;0;0;0,9210047;
-0,2377143;-0,2377143;0,6659519;0,6659519;
-0,8046144;0;0;0,5937977;
-0,4728716;0;0;-0,8811313;
0,4988943;-0,4988943;-0,5011033;0,5011033;
-0,65777;-0,65777;0,259497;0,259497;
-0,3895185;0;0;0,9210187;
-0,239386;-0,239386;0,6653528;0,6653528;
-0,8046321;0;0;0,5937736;
-0,4750305;0;0;-0,8799694;
0,4989334;-0,4989334;-0,5010644;0,5010644;
-0,6577638;-0,6577638;0,2595128;0,2595128;
-0,3894633;0;0;0,921042;
-0,241016;-0,241016;0,6647641;0,6647641;
-0,8046179;0;0;0,593793;
-0,4771866;0;0;-0,8788019;
0,4989544;-0,4989544;-0,5010434;0,5010434;
-0,6577497;-0,6577497;0,2595484;0,2595484;
-0,3894578;0;0;0,9210443;
-0,2420994;-0,2420994;0,6643703;0,6643703;
-0,8046251;0;0;0,5937832;
-0,4786349;0;0;-0,8780141;
0,4989874;-0,4989874;-0,5010106;0,5010106;
-0,6577544;-0,6577544;0,2595365;0,2595365;
-0,3894136;0;0;0,921063;
-0,2431702;-0,2431702;0,6639791;0,6639791;
-0,8046073;0;0;0,5938073;
-0,4801079;0;0;-0,8772095;
0,4989934;-0,4989934;-0,5010045;0,5010045;
-0,6577513;-0,6577513;0,2595444;0,2595444;
-0,3894136;0;0;0,921063;
-0,244272;-0,244272;0,6635746;0,6635746;
-0,8045788;0;0;0,593846;
-0,4815428;0;0;-0,8764226;
0,4990146;-0,4990146;-0,5009835;0,5009835;
-0,6577435;-0,6577435;0,2595641;0,2595641;
-0,3893805;0;0;0,921077;
-0,2453454;-0,2453454;0,6631784;0,6631784;
-0,8045753;0;0;0,5938507;
-0,4829555;0;0;-0,8756449;
0,4990354;-0,4990354;-0,5009628;0,5009628;
-0,6577326;-0,6577326;0,2595918;0,2595918;
-0,3893584;0;0;0,9210863;
-0,2469426;-0,2469426;0,6625854;0,6625854;
-0,8045396;0;0;0,5938991;
-0,4850066;0;0;-0,8745105;
0,4990594;-0,4990594;-0,5009388;0,5009388;
-0,6577342;-0,6577342;0,2595879;0,2595879;
-0,3893474;0;0;0,921091;
-0,2474945;-0,2474945;0,6623794;0,6623794;
-0,804504;0;0;0,5939472;
-0,4857404;0;0;-0,8741032;
0,4990685;-0,4990685;-0,5009298;0,5009298;
-0,6577356;-0,6577356;0,259584;0,259584;
-0,3893474;0;0;0,921091;
-0,248558;-0,248558;0,6619811;0,6619811;
-0,8044542;0;0;0,5940146;
-0,4870971;0;0;-0,8733479;
0,4990865;-0,4990865;-0,5009118;0,5009118;
-0,6577294;-0,6577294;0,2595997;0,2595997;
-0,3893253;0;0;0,9211003;
-0,2496408;-0,2496408;0,6615735;0,6615735;
-0,8044114;0;0;0,5940727;
-0,4885098;0;0;-0,8725584;
0,4990775;-0,4990775;-0,5009208;0,5009208;
-0,657717;-0,657717;0,2596313;0,2596313;
-0,3892812;0;0;0,921119;
-0,2507189;-0,2507189;0,6611657;0,6611657;
-0,804358;0;0;0,5941449;
-0,4898798;0;0;-0,8717901;
0,4990956;-0,4990956;-0,5009028;0,5009028;
-0,6577186;-0,6577186;0,2596273;0,2596273;
-0,3892702;0;0;0,9211237;
-0,2523032;-0,2523032;0,6605628;0,6605628;
-0,8042585;0;0;0,5942798;
-0,4919949;0;0;-0,8705981;
0,4991137;-0,4991137;-0,5008848;0,5008848;
-0,6577186;-0,6577186;0,2596273;0,2596273;
-0,3892646;0;0;0,921126;
-0,2528176;-0,2528176;0,660366;0,660366;
-0,8042229;0;0;0,5943279;
-0,4926314;0;0;-0,8702381;
0,4991075;-0,4991075;-0,5008909;0,5008909;
-0,6577107;-0,6577107;0,2596471;0,2596471;
-0,3892259;0;0;0,9211423;
-0,2539847;-0,2539847;0,659918;0,659918;
-0,80418;0;0;0,5943859;
-0,4941125;0;0;-0,8693979;
0,4991377;-0,4991377;-0,5008609;0,5008609;
-0,6576984;-0,6576984;0,2596784;0,2596784;
-0,3891984;0;0;0,921154;
-0,2544315;-0,2544315;0,6597459;0,6597459;
-0,8041408;0;0;0,5944389;
-0,4946544;0;0;-0,8690897;
0,4991315;-0,4991315;-0,5008669;0,5008669;
-0,6576999;-0,6576999;0,2596746;0,2596746;
-0,3892094;0;0;0,9211493;
-0,2546054;-0,2546054;0,6596788;0,6596788;
-0,8041479;0;0;0,5944293;
-0,4949199;0;0;-0,8689387;
0,4991377;-0,4991377;-0,5008609;0,5008609;
-0,6576999;-0,6576999;0,2596746;0,2596746;
-0,3892536;0;0;0,9211307;
-0,2545936;-0,2545936;0,6596833;0,6596833;
-0,804155;0;0;0,5944197;
-0,4947898;0;0;-0,8690128;
0,4991315;-0,4991315;-0,5008669;0,5008669;
-0,6577045;-0,6577045;0,2596629;0,2596629;
-0,3892426;0;0;0,9211353;
-0,2545936;-0,2545936;0,6596833;0,6596833;
-0,8041514;0;0;0,5944245;
-0,4947689;0;0;-0,8690247;
0,4991436;-0,4991436;-0,500855;0,500855;
-0,6576999;-0,6576999;0,2596746;0,2596746;
-0,3892204;0;0;0,9211447;
-0,2545818;-0,2545818;0,6596879;0,6596879;
-0,804155;0;0;0,5944197;
-0,4947272;0;0;-0,8690484;
0,4991406;-0,4991406;-0,5008579;0,5008579;
-0,6577061;-0,6577061;0,2596588;0,2596588;
-0,3892204;0;0;0,9211447;
-0,2545738;-0,2545738;0,659691;0,659691;
-0,804155;0;0;0,5944197;
-0,4946647;0;0;-0,8690839;
0,4991406;-0,4991406;-0,5008579;0,5008579;
-0,6576999;-0,6576999;0,2596746;0,2596746;
-0,3892094;0;0;0,9211493;
-0,2545778;-0,2545778;0,6596895;0,6596895;
-0,8041622;0;0;0,5944099;
-0,4945554;0;0;-0,8691462;
0,4991256;-0,4991256;-0,5008729;0,5008729;
-0,6577045;-0,6577045;0,2596629;0,2596629;
-0,3891818;0;0;0,921161;
-0,2545857;-0,2545857;0,6596864;0,6596864;
-0,8041622;0;0;0,5944099;
-0,4945866;0;0;-0,8691284;
0,4991315;-0,4991315;-0,5008669;0,5008669;
-0,6576984;-0,6576984;0,2596784;0,2596784;
-0,3892039;0;0;0,9211516;
-0,2545778;-0,2545778;0,6596895;0,6596895;
-0,8041586;0;0;0,5944149;
-0,4945762;0;0;-0,8691344;
0,4991315;-0,4991315;-0,5008669;0,5008669;
-0,6577014;-0,6577014;0,2596707;0,2596707;
-0,3891928;0;0;0,9211563;
-0,2545897;-0,2545897;0,6596848;0,6596848;
-0,8041586;0;0;0,5944149;
-0,4945658;0;0;-0,8691403;
0,4991286;-0,4991286;-0,50087;0,50087;
-0,6576968;-0,6576968;0,2596824;0,2596824;
-0,3892039;0;0;0,9211516;
-0,2546134;-0,2546134;0,6596757;0,6596757;
-0,8041622;0;0;0,5944099;
-0,494571;0;0;-0,8691373;
0,4991406;-0,4991406;-0,5008579;0,5008579;
-0,657703;-0,657703;0,2596668;0,2596668;
-0,3891928;0;0;0,9211563;
-0,2546174;-0,2546174;0,6596742;0,6596742;
-0,8041479;0;0;0,5944293;
-0,4945606;0;0;-0,8691431;
0,4991377;-0,4991377;-0,5008609;0,5008609;
-0,6577014;-0,6577014;0,2596707;0,2596707;
-0,3891763;0;0;0,9211633;
-0,2546015;-0,2546015;0,6596803;0,6596803;
-0,8041622;0;0;0,5944099;
-0,4945658;0;0;-0,8691403;
0,4991377;-0,4991377;-0,5008609;0,5008609;
-0,657703;-0,657703;0,2596668;0,2596668;
-0,3892039;0;0;0,9211516;
-0,2545976;-0,2545976;0,6596819;0,6596819;
-0,8041622;0;0;0,5944099;
-0,4945452;0;0;-0,869152;
0,4991466;-0,4991466;-0,500852;0,500852;
-0,6576984;-0,6576984;0,2596784;0,2596784;
-0,3891928;0;0;0,9211563;
-0,2545976;-0,2545976;0,6596819;0,6596819;
-0,804155;0;0;0,5944197;
-0,4945398;0;0;-0,8691549;
0,4991436;-0,4991436;-0,500855;0,500855;
-0,6577045;-0,6577045;0,2596629;0,2596629;
-0,3891763;0;0;0,9211633;
-0,2546134;-0,2546134;0,6596757;0,6596757;
-0,8041622;0;0;0,5944099;
-0,4945501;0;0;-0,8691491;
0,4991436;-0,4991436;-0,500855;0,500855;
-0,6577014;-0,6577014;0,2596707;0,2596707;
-0,3891708;0;0;0,9211656;
-0,2546134;-0,2546134;0,6596757;0,6596757;
-0,8041622;0;0;0,5944099;
-0,494571;0;0;-0,8691373;
0,4991496;-0,4991496;-0,500849;0,500849;
-0,6577014;-0,6577014;0,2596707;0,2596707;
-0,3891818;0;0;0,921161;
-0,2546291;-0,2546291;0,6596696;0,6596696;
-0,8041479;0;0;0,5944293;
-0,4945606;0;0;-0,8691431;
0,4991646;-0,4991646;-0,500834;0,500834;
-0,6576999;-0,6576999;0,2596746;0,2596746;
-0,3892094;0;0;0,9211493;
-0,2546332;-0,2546332;0,659668;0,659668;
-0,8041586;0;0;0,5944149;
-0,4945658;0;0;-0,8691403;
0,4991646;-0,4991646;-0,500834;0,500834;
-0,657703;-0,657703;0,2596668;0,2596668;
-0,3891928;0;0;0,9211563;
-0,254645;-0,254645;0,6596635;0,6596635;
-0,804155;0;0;0,5944197;
-0,4945501;0;0;-0,8691491;
0,4991616;-0,4991616;-0,500837;0,500837;
-0,6576984;-0,6576984;0,2596784;0,2596784;
-0,3892039;0;0;0,9211516;
-0,2546411;-0,2546411;0,659665;0,659665;
-0,8041586;0;0;0,5944149;
-0,4945452;0;0;-0,869152;
0,4991616;-0,4991616;-0,500837;0,500837;
-0,6576968;-0,6576968;0,2596824;0,2596824;
-0,3891873;0;0;0,9211586;
-0,2546411;-0,2546411;0,659665;0,659665;
-0,8041692;0;0;0,5944004;
-0,4945345;0;0;-0,8691581;
0,4991616;-0,4991616;-0,500837;0,500837;
-0,6576922;-0,6576922;0,2596942;0,2596942;
-0,3891818;0;0;0,921161;
-0,2546411;-0,2546411;0,659665;0,659665;
-0,8041622;0;0;0,5944099;
-0,4945345;0;0;-0,8691581;
0,4991676;-0,4991676;-0,500831;0,500831;
-0,657689;-0,657689;0,2597022;0,2597022;
-0,3891708;0;0;0,9211656;
-0,2546332;-0,2546332;0,659668;0,659668;
-0,804155;0;0;0,5944197;
-0,4945452;0;0;-0,869152;
0,4991766;-0,4991766;-0,5008221;0,5008221;
-0,657689;-0,657689;0,2597022;0,2597022;
-0,3891763;0;0;0,9211633;
-0,2546252;-0,2546252;0,6596711;0,6596711;
-0,8041658;0;0;0,5944052;
-0,4945292;0;0;-0,8691611;
0,4991646;-0,4991646;-0,500834;0,500834;
-0,6576874;-0,6576874;0,2597061;0,2597061;
-0,3891984;0;0;0,921154;
-0,2546491;-0,2546491;0,6596619;0,6596619;
-0,8041586;0;0;0,5944149;
-0,4945292;0;0;-0,8691611;
0,4991736;-0,4991736;-0,500825;0,500825;
-0,6576874;-0,6576874;0,2597061;0,2597061;
-0,3892039;0;0;0,9211516;
-0,2546411;-0,2546411;0,659665;0,659665;
-0,8041692;0;0;0,5944004;
-0,4945452;0;0;-0,869152;
0,4991646;-0,4991646;-0,500834;0,500834;
-0,6576952;-0,6576952;0,2596864;0,2596864;
-0,3891873;0;0;0,9211586;
-0,254657;-0,254657;0,6596589;0,6596589;
-0,804155;0;0;0,5944197;
-0,4945452;0;0;-0,869152;
0,4991646;-0,4991646;-0,500834;0,500834;
-0,6576906;-0,6576906;0,2596981;0,2596981;
-0,3891873;0;0;0,9211586;
-0,2546411;-0,2546411;0,659665;0,659665;
-0,8041658;0;0;0,5944052;
-0,4945606;0;0;-0,8691431;
0,4991646;-0,4991646;-0,500834;0,500834;
-0,6576922;-0,6576922;0,2596942;0,2596942;
-0,3891873;0;0;0,9211586;
-0,254645;-0,254645;0,6596635;0,6596635;
-0,804155;0;0;0,5944197;
-0,4945452;0;0;-0,869152;
0,4991736;-0,4991736;-0,500825;0,500825;
-0,657689;-0,657689;0,2597022;0,2597022;
-0,3891763;0;0;0,9211633;
-0,2546372;-0,2546372;0,6596665;0,6596665;
-0,8041658;0;0;0,5944052;
-0,4945398;0;0;-0,8691549;
0,4991676;-0,4991676;-0,500831;0,500831;
-0,657689;-0,657689;0,2597022;0,2597022;
-0,3891763;0;0;0,9211633;
-0,254645;-0,254645;0,6596635;0,6596635;
-0,8041586;0;0;0,5944149;
-0,4945398;0;0;-0,8691549;
0,4991706;-0,4991706;-0,500828;0,500828;
-0,6576859;-0,6576859;0,2597099;0,2597099;
-0,3891928;0;0;0,9211563;
-0,2546411;-0,2546411;0,659665;0,659665;
-0,8041622;0;0;0,5944099;
-0,4945345;0;0;-0,8691581;
0,4991676;-0,4991676;-0,500831;0,500831;
-0,657689;-0,657689;0,2597022;0,2597022;
-0,3891763;0;0;0,9211633;
-0,254645;-0,254645;0,6596635;0,6596635;
-0,8041622;0;0;0,5944099;
-0,4945085;0;0;-0,8691729;
0,4991676;-0,4991676;-0,500831;0,500831;
-0,6576828;-0,6576828;0,259718;0,259718;
-0,3892094;0;0;0,9211493;
-0,2546411;-0,2546411;0,659665;0,659665;
-0,8041586;0;0;0,5944149;
-0,4944825;0;0;-0,8691877;
0,4991766;-0,4991766;-0,5008221;0,5008221;
-0,657689;-0,657689;0,2597022;0,2597022;
-0,3891928;0;0;0,9211563;
-0,2545818;-0,2545818;0,6596879;0,6596879;
-0,8041586;0;0;0,5944149;
-0,4943889;0;0;-0,8692408;
0,4991766;-0,4991766;-0,5008221;0,5008221;
-0,657689;-0,657689;0,2597022;0,2597022;
-0,3891818;0;0;0,921161;
-0,2544987;-0,2544987;0,6597199;0,6597199;
-0,8041622;0;0;0,5944099;
-0,4942585;0;0;-0,8693151;
0,4991646;-0,4991646;-0,500834;0,500834;
-0,657689;-0,657689;0,2597022;0,2597022;
-0,3891763;0;0;0,9211633;
-0,2543802;-0,2543802;0,6597657;0,6597657;
-0,8041764;0;0;0,5943907;
-0,4940864;0;0;-0,8694128;
0,4991616;-0,4991616;-0,500837;0,500837;
-0,6576859;-0,6576859;0,2597099;0,2597099;
-0,3891763;0;0;0,9211633;
-0,254218;-0,254218;0,6598282;0,6598282;
-0,8041872;0;0;0,5943761;
-0,493831;0;0;-0,869558;
0,4991706;-0,4991706;-0,500828;0,500828;
-0,6576874;-0,6576874;0,2597061;0,2597061;
-0,3891928;0;0;0,9211563;
-0,2539768;-0,2539768;0,6599211;0,6599211;
-0,8041979;0;0;0,5943616;
-0,4935285;0;0;-0,8697297;
0,4991706;-0,4991706;-0,500828;0,500828;
-0,6576906;-0,6576906;0,2596981;0,2596981;
-0,3891873;0;0;0,9211586;
-0,2536684;-0,2536684;0,6600397;0,6600397;
-0,8042265;0;0;0,5943231;
-0,4931428;0;0;-0,8699484;
0,4991706;-0,4991706;-0,500828;0,500828;
-0,6576859;-0,6576859;0,2597099;0,2597099;
-0,3891763;0;0;0,9211633;
-0,2532845;-0,2532845;0,6601871;0,6601871;
-0,8042299;0;0;0,5943183;
-0,4926262;0;0;-0,870241;
0,4991616;-0,4991616;-0,500837;0,500837;
-0,657689;-0,657689;0,2597022;0,2597022;
-0,3891708;0;0;0,9211656;
-0,2525088;-0,2525088;0,6604841;0,6604841;
-0,8042976;0;0;0,5942268;
-0,4915512;0;0;-0,8708487;
0,4991676;-0,4991676;-0,500831;0,500831;
-0,6576874;-0,6576874;0,2597061;0,2597061;
-0,3892039;0;0;0,9211516;
-0,2514873;-0,2514873;0,6608738;0,6608738;
-0,8043545;0;0;0,5941497;
-0,4902612;0;0;-0,8715756;
0,4991525;-0,4991525;-0,5008461;0,5008461;
-0,6576984;-0,6576984;0,2596784;0,2596784;
-0,3892094;0;0;0,9211493;
-0,2503066;-0,2503066;0,6613219;0,6613219;
-0,804415;0;0;0,5940677;
-0,4888132;0;0;-0,8723885;
0,4991226;-0,4991226;-0,5008759;0,5008759;
-0,6577045;-0,6577045;0,2596629;0,2596629;
-0,3891873;0;0;0,9211586;
-0,2498944;-0,2498944;0,6614777;0,6614777;
-0,8044435;0;0;0,5940291;
-0,4883217;0;0;-0,8726638;
0,4991286;-0,4991286;-0,50087;0,50087;
-0,6577077;-0,6577077;0,2596549;0,2596549;
-0,3892039;0;0;0,9211516;
-0,24857;-0,24857;0,6619766;0,6619766;
-0,8044969;0;0;0,5939568;
-0,4867253;0;0;-0,8735551;
0,4991137;-0,4991137;-0,5008848;0,5008848;
-0,6577077;-0,6577077;0,2596549;0,2596549;
-0,3892315;0;0;0,92114;
-0,2471968;-0,2471968;0,6624905;0,6624905;
-0,8045325;0;0;0,5939087;
-0,4850014;0;0;-0,8745133;
0,4990926;-0,4990926;-0,5009057;0,5009057;
-0,6577186;-0,6577186;0,2596273;0,2596273;
-0,3892481;0;0;0,921133;
-0,2467281;-0,2467281;0,6626652;0,6626652;
-0,8045574;0;0;0,5938749;
-0,4843774;0;0;-0,8748592;
0,4990897;-0,4990897;-0,5009087;0,5009087;
-0,6577232;-0,6577232;0,2596155;0,2596155;
-0,3892591;0;0;0,9211283;
-0,2457389;-0,2457389;0,6630327;0,6630327;
-0,804593;0;0;0,5938267;
-0,4830815;0;0;-0,8755755;
0,4990745;-0,4990745;-0,5009239;0,5009239;
-0,6577232;-0,6577232;0,2596155;0,2596155;
-0,3892977;0;0;0,921112;
-0,2447174;-0,2447174;0,6634104;0,6634104;
-0,8046144;0;0;0,5937977;
-0,481737;0;0;-0,8763159;
0,4990625;-0,4990625;-0,5009358;0,5009358;
-0,6577248;-0,6577248;0,2596115;0,2596115;
-0,3893253;0;0;0,9211003;
-0,2441648;-0,2441648;0,663614;0,663614;
-0,8046251;0;0;0,5937832;
-0,4810122;0;0;-0,876714;
0,4990625;-0,4990625;-0,5009358;0,5009358;
-0,6577218;-0,6577218;0,2596193;0,2596193;
-0,3893805;0;0;0,921077;
-0,2430667;-0,2430667;0,664017;0,664017;
-0,8046321;0;0;0,5937736;
-0,479587;0;0;-0,8774944;
0,4990264;-0,4990264;-0,5009717;0,5009717;
-0,6577356;-0,6577356;0,259584;0,259584;
-0,3893971;0;0;0,92107;
-0,2413267;-0,2413267;0,6646513;0,6646513;
-0,8046642;0;0;0,5937302;
-0,4773817;0;0;-0,8786961;
0,4990025;-0,4990025;-0,5009956;0,5009956;
-0,6577419;-0,6577419;0,2595681;0,2595681;
-0,3894357;0;0;0,9210536;
-0,239605;-0,239605;0,665274;0,665274;
-0,8046393;0;0;0,593764;
-0,4752416;0;0;-0,8798553;
0,4989844;-0,4989844;-0,5010136;0,5010136;
-0,6577404;-0,6577404;0,2595721;0,2595721;
-0,3894412;0;0;0,9210513;
-0,2384525;-0,2384525;0,6656879;0,6656879;
-0,8046499;0;0;0,5937496;
-0,4738273;0;0;-0,8806177;
0,4989634;-0,4989634;-0,5010345;0,5010345;
-0,6577451;-0,6577451;0,2595601;0,2595601;
-0,3894688;0;0;0,9210396;
-0,2373232;-0,2373232;0,6660914;0,6660914;
-0,8046535;0;0;0,5937446;
-0,4723856;0;0;-0,8813921;
0,4989394;-0,4989394;-0,5010584;0,5010584;
-0,6577575;-0,6577575;0,2595285;0,2595285;
-0,3894743;0;0;0,9210373;
-0,2367842;-0,2367842;0,6662832;0,6662832;
-0,8046429;0;0;0,5937592;
-0,4716829;0;0;-0,8817683;
0,4989364;-0,4989364;-0,5010614;0,5010614;
-0,6577591;-0,6577591;0,2595246;0,2595246;
-0,389524;0;0;0,9210163;
-0,2351622;-0,2351622;0,6668574;0,6668574;
-0,8046286;0;0;0,5937784;
-0,4694932;0;0;-0,8829361;
0,4989003;-0,4989003;-0,5010973;0,5010973;
-0,6577606;-0,6577606;0,2595207;0,2595207;
-0,3895902;0;0;0,9209883;
-0,2335748;-0,2335748;0,667415;0,667415;
-0,8046251;0;0;0,5937832;
-0,4672155;0;0;-0,8841435;
0,4988884;-0,4988884;-0,5011092;0,5011092;
-0,6577638;-0,6577638;0,2595128;0,2595128;
-0,3896399;0;0;0,9209673;
-0,231958;-0,231958;0,6679786;0,6679786;
-0,8045895;0;0;0,5938315;
-0,4649507;0;0;-0,8853366;
0,4988673;-0,4988673;-0,5011301;0,5011301;
-0,6577777;-0,6577777;0,2594773;0,2594773;
-0,3896564;0;0;0,9209603;
-0,2313975;-0,2313975;0,668173;0,668173;
-0,804593;0;0;0,5938267;
-0,4641758;0;0;-0,8857431;
0,4988493;-0,4988493;-0,5011481;0,5011481;
-0,6577762;-0,6577762;0,2594812;0,2594812;
-0,3896619;0;0;0,920958;
-0,230845;-0,230845;0,6683641;0,6683641;
-0,8045788;0;0;0,593846;
-0,4634376;0;0;-0,8861296;
0,4988403;-0,4988403;-0,501157;0,501157;
-0,6577777;-0,6577777;0,2594773;0,2594773;
-0,3897061;0;0;0,9209393;
-0,2291738;-0,2291738;0,668939;0,668939;
-0,8045361;0;0;0,5939038;
-0,4612316;0;0;-0,8872799;
0,4988374;-0,4988374;-0,50116;0,50116;
-0,6577809;-0,6577809;0,2594694;0,2594694;
-0,3897558;0;0;0,9209183;
-0,2274852;-0,2274852;0,6695151;0,6695151;
-0,804465;0;0;0,5940002;
-0,459007;0;0;-0,8884327;
0,4988043;-0,4988043;-0,5011929;0,5011929;
-0,6577932;-0,6577932;0,2594381;0,2594381;
-0,3897668;0;0;0,9209136;
-0,2263936;-0,2263936;0,669885;0,669885;
-0,8043936;0;0;0,5940967;
-0,4575204;0;0;-0,8891992;
0,4988013;-0,4988013;-0,5011959;0,5011959;
-0,6577901;-0,6577901;0,2594459;0,2594459;
-0,3897999;0;0;0,9208996;
-0,224827;-0,224827;0,6704125;0,6704125;
-0,8043117;0;0;0,5942076;
-0,4552165;0;0;-0,8903809;
0,4987772;-0,4987772;-0,5012198;0,5012198;
-0,6577964;-0,6577964;0,2594301;0,2594301;
-0,3898385;0;0;0,9208832;
-0,2237781;-0,2237781;0,6707633;0,6707633;
-0,804262;0;0;0,5942749;
-0,453673;0;0;-0,8911682;
0,4987592;-0,4987592;-0,5012378;0,5012378;
-0,6578119;-0,6578119;0,2593906;0,2593906;
-0,3898662;0;0;0,9208716;
-0,2227325;-0,2227325;0,6711112;0,6711112;
-0,8041944;0;0;0,5943664;
-0,4520911;0;0;-0,8919718;
0,4987441;-0,4987441;-0,5012528;0,5012528;
-0,6578166;-0,6578166;0,2593788;0,2593788;
-0,3899268;0;0;0,9208459;
-0,221123;-0,221123;0,6716433;0,6716433;
-0,8040909;0;0;0,5945064;
-0,4497743;0;0;-0,8931423;
0,4987231;-0,4987231;-0,5012737;0,5012737;
-0,657815;-0,657815;0,2593828;0,2593828;
-0,3899434;0;0;0,9208388;
-0,2194758;-0,2194758;0,6721833;0,6721833;
-0,8039733;0;0;0,5946655;
-0,4475349;0;0;-0,8942664;
0,498708;-0,498708;-0,5012887;0,5012887;
-0,6578321;-0,6578321;0,2593394;0,2593394;
-0,3899767;0;0;0,9208248;
-0,2178396;-0,2178396;0,6727154;0,6727154;
-0,8038378;0;0;0,5948485;
-0,4452555;0;0;-0,8954037;
0,498687;-0,498687;-0,5013096;0,5013096;
-0,6578352;-0,6578352;0,2593315;0,2593315;
-0,3900097;0;0;0,9208108;
-0,2167547;-0,2167547;0,6730657;0,6730657;
-0,8037452;0;0;0,5949736;
-0,4437302;0;0;-0,8961605;
0,498681;-0,498681;-0,5013155;0,5013155;
-0,6578352;-0,6578352;0,2593315;0,2593315;
-0,3900374;0;0;0,920799;
-0,2156854;-0,2156854;0,6734091;0,6734091;
-0,8036489;0;0;0,5951037;
-0,44215;0;0;-0,8969412;
0,498651;-0,498651;-0,5013454;0,5013454;
-0,6578446;-0,6578446;0,2593077;0,2593077;
-0,390076;0;0;0,9207827;
-0,214143;-0,214143;0,6739011;0,6739011;
-0,8034921;0;0;0,5953155;
-0,4397991;0;0;-0,8980963;
0,49863;-0,49863;-0,5013663;0,5013663;
-0,6578477;-0,6578477;0,2592998;0,2592998;
-0,3900705;0;0;0,920785;
-0,2136583;-0,2136583;0,674055;0,674055;
-0,8034348;0;0;0,5953926;
-0,4389966;0;0;-0,8984888;
0,4986269;-0,4986269;-0,5013693;0,5013693;
-0,6578477;-0,6578477;0,2592998;0,2592998;
-0,390098;0;0;0,9207734;
-0,2126076;-0,2126076;0,6743872;0,6743872;
-0,8033206;0;0;0,5955468;
-0,4373695;0;0;-0,8992819;
0,4986209;-0,4986209;-0,5013753;0,5013753;
-0,6578555;-0,6578555;0,2592801;0,2592801;
-0,3901422;0;0;0,9207546;
-0,211601;-0,211601;0,6747037;0,6747037;
-0,8031993;0;0;0,5957104;
-0,4357353;0;0;-0,900075;
0,4985909;-0,4985909;-0,5014052;0,5014052;
-0,6578602;-0,6578602;0,2592683;0,2592683;
-0,3901808;0;0;0,9207383;
-0,2105331;-0,2105331;0,6750377;0,6750377;
-0,8030601;0;0;0,595898;
-0,4342184;0;0;-0,9008077;
0,4985788;-0,4985788;-0,5014172;0,5014172;
-0,6578679;-0,6578679;0,2592486;0,2592486;
-0,3902084;0;0;0,9207266;
-0,2089586;-0,2089586;0,6755267;0,6755267;
-0,8028564;0;0;0,5961725;
-0,4318683;0;0;-0,9019367;
0,4985337;-0,4985337;-0,501462;0,501462;
-0,6578602;-0,6578602;0,2592683;0,2592683;
-0,3902194;0;0;0,9207219;
-0,2084282;-0,2084282;0,6756905;0,6756905;
-0,8028064;0;0;0,5962397;
-0,4311166;0;0;-0,9022962;
0,4985248;-0,4985248;-0,5014709;0,5014709;
-0,6578648;-0,6578648;0,2592565;0,2592565;
-0,3902084;0;0;0,9207266;
-0,2079058;-0,2079058;0,6758515;0,6758515;
-0,802735;0;0;0,5963358;
-0,4303322;0;0;-0,9026706;
0,4984978;-0,4984978;-0,5014978;0,5014978;
-0,6578664;-0,6578664;0,2592525;0,2592525;
-0,3902636;0;0;0,9207032;
-0,2063172;-0,2063172;0,6763381;0,6763381;
-0,8025134;0;0;0,5966341;
-0,4279822;0;0;-0,9037872;
0,4984857;-0,4984857;-0,5015097;0,5015097;
-0,6578633;-0,6578633;0,2592604;0,2592604;
-0,3902636;0;0;0,9207032;
-0,2053035;-0,2053035;0,6766465;0,6766465;
-0,8023595;0;0;0,596841;
-0,426389;0;0;-0,9045399;
0,4984436;-0,4984436;-0,5015516;0,5015516;
-0,6578804;-0,6578804;0,2592169;0,2592169;
-0,3903022;0;0;0,9206868;
-0,2042934;-0,2042934;0,6769522;0,6769522;
-0,8022164;0;0;0,5970334;
-0,4247344;0;0;-0,9053181;
0,4984075;-0,4984075;-0,5015875;0,5015875;
-0,6578804;-0,6578804;0,2592169;0,2592169;
-0,3903573;0;0;0,9206634;
-0,2032952;-0,2032952;0,6772526;0,6772526;
-0,8020555;0;0;0,5972496;
-0,4230786;0;0;-0,9060931;
0,4983895;-0,4983895;-0,5016055;0,5016055;
-0,6578773;-0,6578773;0,2592247;0,2592247;
-0,3903683;0;0;0,9206588;
-0,2017887;-0,2017887;0,677703;0,677703;
-0,8018012;0;0;0,5975909;
-0,4206766;0;0;-0,9072107;
0,4983715;-0,4983715;-0,5016233;0,5016233;
-0,6578897;-0,6578897;0,2591934;0,2591934;
-0,3904125;0;0;0,9206401;
-0,2007891;-0,2007891;0,6779998;0,6779998;
-0,8016364;0;0;0,5978119;
-0,4190606;0;0;-0,9079583;
0,4983654;-0,4983654;-0,5016294;0,5016294;
-0,6578975;-0,6578975;0,2591737;0,2591737;
-0,3904401;0;0;0,9206284;
-0,199224;-0,199224;0,6784614;0,6784614;
-0,8013892;0;0;0,5981433;
-0,4166754;0;0;-0,9090554;
0,4983444;-0,4983444;-0,5016502;0,5016502;
-0,6578975;-0,6578975;0,2591737;0,2591737;
-0,3904622;0;0;0,920619;
-0,1976661;-0,1976661;0,6789169;0,6789169;
-0,8011024;0;0;0,5985273;
-0,4143147;0;0;-0,9101338;
0,4983473;-0,4983473;-0,5016472;0,5016472;
-0,6578959;-0,6578959;0,2591776;0,2591776;
-0,3904787;0;0;0,920612;
-0,1971613;-0,1971613;0,6790637;0,6790637;
-0,8010162;0;0;0,5986426;
-0,4134961;0;0;-0,9105058;
0,4983414;-0,4983414;-0,5016532;0,5016532;
-0,657899;-0,657899;0,2591698;0,2591698;
-0,3905118;0;0;0,9205979;
-0,1956509;-0,1956509;0,6795003;0,6795003;
-0,8007434;0;0;0,5990075;
-0,4110385;0;0;-0,9116179;
0,4983143;-0,4983143;-0,5016801;0,5016801;
-0,6579068;-0,6579068;0,25915;0,25915;
-0,390567;0;0;0,9205745;
-0,1941517;-0,1941517;0,6799302;0,6799302;
-0,8004525;0;0;0,5993962;
-0,4085234;0;0;-0,9127479;
0,4983143;-0,4983143;-0,5016801;0,5016801;
-0,6579114;-0,6579114;0,2591383;0,2591383;
-0,3905945;0;0;0,9205628;
-0,192733;-0,192733;0,6803337;0,6803337;
-0,8001507;0;0;0,599799;
-0,4060545;0;0;-0,9138488;
0,4982872;-0,4982872;-0,5017069;0,5017069;
-0,6579068;-0,6579068;0,25915;0,25915;
-0,3906056;0;0;0,9205582;
-0,19226;-0,19226;0,6804676;0,6804676;
-0,8000645;0;0;0,599914;
-0,4052051;0;0;-0,9142259;
0,4982752;-0,4982752;-0,5017189;0,5017189;
-0,6579177;-0,6579177;0,2591223;0,2591223;
-0,3906387;0;0;0,9205441;
-0,1908033;-0,1908033;0,6808774;0,6808774;
-0,7997587;0;0;0,6003215;
-0,4028035;0;0;-0,9152865;
0,4982722;-0,4982722;-0,5017219;0,5017219;
-0,6579286;-0,6579286;0,2590947;0,2590947;
-0,3906387;0;0;0,9205441;
-0,1902728;-0,1902728;0,6810259;0,6810259;
-0,7996329;0;0;0,6004891;
-0,4019913;0;0;-0,9156436;
0,4982482;-0,4982482;-0,5017458;0,5017458;
-0,657927;-0,657927;0,2590986;0,2590986;
-0,3907049;0;0;0,920516;
-0,1888029;-0,1888029;0,6814349;0,6814349;
-0,7993016;0;0;0,60093;
-0,399542;0;0;-0,916715;
0,4982512;-0,4982512;-0,5017428;0,5017428;
-0,6579224;-0,6579224;0,2591104;0,2591104;
-0,3906938;0;0;0,9205207;
-0,1878305;-0,1878305;0,6817036;0,6817036;
-0,7990782;0;0;0,601227;
-0,3978489;0;0;-0,9174509;
0,498212;-0,498212;-0,5017816;0,5017816;
-0,6579224;-0,6579224;0,2591104;0,2591104;
-0,390738;0;0;0,9205019;
-0,1868577;-0,1868577;0,6819708;0,6819708;
-0,798844;0;0;0,6015382;
-0,3961545;0;0;-0,9181839;
0,4982182;-0,4982182;-0,5017756;0,5017756;
-0,6579301;-0,6579301;0,2590907;0,2590907;
-0,3907711;0;0;0,9204879;
-0,1853531;-0,1853531;0,6823813;0,6823813;
-0,7984582;0;0;0,6020503;
-0,3936324;0;0;-0,919268;
0,498188;-0,498188;-0,5018055;0,5018055;
-0,6579425;-0,6579425;0,2590593;0,2590593;
-0,3907766;0;0;0,9204856;
-0,1848909;-0,1848909;0,6825067;0,6825067;
-0,7983317;0;0;0,6022179;
-0,392778;0;0;-0,9196333;
0,498185;-0,498185;-0,5018085;0,5018085;
-0,657941;-0,657941;0,2590631;0,2590631;
-0,3908209;0;0;0,9204668;
-0,1834832;-0,1834832;0,6828865;0,6828865;
-0,7979708;0;0;0,6026961;
-0,3903291;0;0;-0,9206755;
0,498152;-0,498152;-0,5018412;0,5018412;
-0,6579378;-0,6579378;0,2590711;0,2590711;
-0,390854;0;0;0,9204527;
-0,1830084;-0,1830084;0,6830139;0,6830139;
-0,797848;0;0;0,6028587;
-0,3894792;0;0;-0,9210353;
0,4981369;-0,4981369;-0,5018562;0,5018562;
-0,6579394;-0,6579394;0,259067;0,259067;
-0,3908705;0;0;0,9204457;
-0,1815874;-0,1815874;0,6833931;0,6833931;
-0,7974504;0;0;0,6033846;
-0,3870321;0;0;-0,9220663;
0,4981279;-0,4981279;-0,5018651;0,5018651;
-0,6579441;-0,6579441;0,2590553;0,2590553;
-0,3908981;0;0;0,920434;
-0,1810959;-0,1810959;0,6835234;0,6835234;
-0,7973164;0;0;0,6035615;
-0,3862251;0;0;-0,9224046;
0,4981069;-0,4981069;-0,5018861;0,5018861;
-0,6579472;-0,6579472;0,2590473;0,2590473;
-0,3909202;0;0;0,9204246;
-0,1801901;-0,1801901;0,6837628;0,6837628;
-0,797056;0;0;0,6039054;
-0,3845436;0;0;-0,9231068;
0,4980977;-0,4980977;-0,501895;0,501895;
-0,6579565;-0,6579565;0,2590237;0,2590237;
-0,3909367;0;0;0,9204176;
-0,1787759;-0,1787759;0,6841339;0,6841339;
-0,7966614;0;0;0,6044259;
-0,3819803;0;0;-0,9241704;
0,4980706;-0,4980706;-0,501922;0,501922;
-0,6579518;-0,6579518;0,2590355;0,2590355;
-0,3909698;0;0;0,9204035;
-0,178296;-0,178296;0,6842591;0,6842591;
-0,7965347;0;0;0,6045929;
-0,3811435;0;0;-0,9245159;
0,4980557;-0,4980557;-0,5019369;0,5019369;
-0,6579565;-0,6579565;0,2590237;0,2590237;
-0,3909643;0;0;0,9204059;
-0,177816;-0,177816;0,684384;0,684384;
-0,7963861;0;0;0,6047886;
-0,3802957;0;0;-0,924865;
0,4980616;-0,4980616;-0,5019309;0,5019309;
-0,6579534;-0,6579534;0,2590315;0,2590315;
-0,3910084;0;0;0,9203871;
-0,1764168;-0,1764168;0,6847461;0,6847461;
-0,7959836;0;0;0,6053182;
-0,3777717;0;0;-0,9258988;
0,4980225;-0,4980225;-0,5019698;0,5019698;
-0,6579565;-0,6579565;0,2590237;0,2590237;
-0,3910525;0;0;0,9203684;
-0,1750374;-0,1750374;0,6851;0,6851;
-0,7955624;0;0;0,6058717;
-0,3753007;0;0;-0,9269032;
0,4980136;-0,4980136;-0,5019786;0,5019786;
-0,6579751;-0,6579751;0,2589764;0,2589764;
-0,3910801;0;0;0,9203566;
-0,173764;-0,173764;0,685424;0,685424;
-0,7951303;0;0;0,6064387;
-0,373061;0;0;-0,9278069;
0,4979835;-0,4979835;-0,5020084;0,5020084;
-0,6579705;-0,6579705;0,2589881;0,2589881;
