-0,4750395;0;0;0,8799645;False
-0,2160042;-0,2160042;0,6733069;0,6733069;False
-0,4892425;0;0;0,8721479;False
-0,03623888;0;0;-0,9993432;False
0,4967421;-0,4967421;-0,5032368;0,5032368;False
-0,6783587;-0,6783587;0,1995733;0,1995733;False
-0,4750395;0;0;0,8799645;False
-0,2160083;-0,2160083;0,6733056;0,6733056;False
-0,4892372;0;0;0,8721508;False
-0,03622678;0;0;-0,9993436;False
0,4967481;-0,4967481;-0,5032309;0,5032309;False
-0,6783599;-0,6783599;0,1995692;0,1995692;False
-0,4750237;0;0;0,879973;False
-0,2160042;-0,2160042;0,6733069;0,6733069;False
-0,489253;0;0;0,8721419;False
-0,03621481;0;0;-0,9993441;False
0,4967451;-0,4967451;-0,5032339;0,5032339;False
-0,6783599;-0,6783599;0,1995692;0,1995692;False
-0,4750501;0;0;0,8799588;False
-0,2160083;-0,2160083;0,6733056;0,6733056;False
-0,4892268;0;0;0,8721566;False
-0,03623268;0;0;-0,9993435;False
0,4967451;-0,4967451;-0,5032339;0,5032339;False
-0,6783575;-0,6783575;0,1995774;0,1995774;False
-0,4750448;0;0;0,8799616;False
-0,2160083;-0,2160083;0,6733056;0,6733056;False
-0,4892321;0;0;0,8721537;False
-0,03623888;0;0;-0,9993432;False
0,4967511;-0,4967511;-0,5032279;0,5032279;False
-0,6783611;-0,6783611;0,1995653;0,1995653;False
-0,4750395;0;0;0,8799645;False
-0,2160042;-0,2160042;0,6733069;0,6733069;False
-0,4892321;0;0;0,8721537;False
-0,03623268;0;0;-0,9993435;False
0,4967511;-0,4967511;-0,5032279;0,5032279;False
-0,6783575;-0,6783575;0,1995774;0,1995774;False
-0,4750501;0;0;0,8799588;False
-0,2160083;-0,2160083;0,6733056;0,6733056;False
-0,4892686;0;0;0,8721331;False
-0,03628675;0;0;-0,9993415;False
0,4967421;-0,4967421;-0,5032368;0,5032368;False
-0,6783599;-0,6783599;0,1995692;0,1995692;False
-0,4750554;0;0;0,8799559;False
-0,2160124;-0,2160124;0,6733043;0,6733043;False
-0,4892738;0;0;0,8721302;False
-0,03631659;0;0;-0,9993404;False
0,4967481;-0,4967481;-0,5032309;0,5032309;False
-0,6783587;-0,6783587;0,1995733;0,1995733;False
-0,4750448;0;0;0,8799616;False
-0,2160164;-0,2160164;0,673303;0,673303;False
-0,4893522;0;0;0,8720862;False
-0,03634053;0;0;-0,9993395;False
0,4967481;-0,4967481;-0,5032309;0,5032309;False
-0,6783599;-0,6783599;0,1995692;0,1995692;False
-0,4750501;0;0;0,8799588;False
-0,2160124;-0,2160124;0,6733043;0,6733043;False
-0,4893992;0;0;0,8720599;False
-0,03644236;0;0;-0,9993358;False
0,4967421;-0,4967421;-0,5032368;0,5032368;False
-0,6783587;-0,6783587;0,1995733;0,1995733;False
-0,4750448;0;0;0,8799616;False
-0,2160083;-0,2160083;0,6733056;0,6733056;False
-0,4895038;0;0;0,8720012;False
-0,03650212;0;0;-0,9993336;False
0,4967481;-0,4967481;-0,5032309;0,5032309;False
-0,6783623;-0,6783623;0,1995612;0,1995612;False
-0,4750343;0;0;0,8799673;False
-0,2159962;-0,2159962;0,6733095;0,6733095;False
-0,4897073;0;0;0,8718869;False
-0,03682569;0;0;-0,9993218;False
0,4967451;-0,4967451;-0,5032339;0,5032339;False
-0,6783575;-0,6783575;0,1995774;0,1995774;False
-0,4750395;0;0;0,8799645;False
-0,2160042;-0,2160042;0,6733069;0,6733069;False
-0,4899476;0;0;0,8717519;False
-0,03715489;0;0;-0,9993096;False
0,4967451;-0,4967451;-0,5032339;0,5032339;False
-0,6783623;-0,6783623;0,1995612;0,1995612;False
-0,4750343;0;0;0,8799673;False
-0,2160164;-0,2160164;0,673303;0,673303;False
-0,4904383;0;0;0,8714759;False
-0,03783759;0;0;-0,999284;False
0,4967511;-0,4967511;-0,5032279;0,5032279;False
-0,6783599;-0,6783599;0,1995692;0,1995692;False
-0,4750343;0;0;0,8799673;False
-0,2161012;-0,2161012;0,6732758;0,6732758;False
-0,4912525;0;0;0,8710172;False
-0,03884346;0;0;-0,9992453;False
0,4967511;-0,4967511;-0,5032279;0,5032279;False
-0,6783599;-0,6783599;0,1995692;0,1995692;False
-0,4750185;0;0;0,8799759;False
-0,2161213;-0,2161213;0,6732693;0,6732693;False
-0,4915706;0;0;0,8708377;False
-0,03926843;0;0;-0,9992288;False
0,4967451;-0,4967451;-0,5032339;0,5032339;False
-0,6783623;-0,6783623;0,1995612;0,1995612;False
-0,4750079;0;0;0,8799815;False
-0,2162463;-0,2162463;0,6732292;0,6732292;False
-0,4928426;0;0;0,8701184;False
-0,04087891;0;0;-0,9991642;False
0,4967511;-0,4967511;-0,5032279;0,5032279;False
-0,6783599;-0,6783599;0,1995692;0,1995692;False
-0,4750079;0;0;0,8799815;False
-0,2162785;-0,2162785;0,6732188;0,6732188;False
-0,4933271;0;0;0,8698438;False
-0,04146563;0;0;-0,99914;False
0,4967511;-0,4967511;-0,5032279;0,5032279;False
-0,6783587;-0,6783587;0,1995733;0,1995733;False
-0,4749816;0;0;0,8799958;False
-0,216432;-0,216432;0,6731696;0,6731696;False
-0,4948789;0;0;0,868962;False
-0,04341092;0;0;-0,9990573;False
0,4967451;-0,4967451;-0,5032339;0,5032339;False
-0,6783599;-0,6783599;0,1995692;0,1995692;False
-0,4749604;0;0;0,8800071;False
-0,2165288;-0,2165288;0,6731384;0,6731384;False
-0,4959455;0;0;0,8683537;False
-0,04479363;0;0;-0,9989963;False
0,4967542;-0,4967542;-0,5032248;0,5032248;False
-0,6783599;-0,6783599;0,1995692;0,1995692;False
-0,4749394;0;0;0,8800185;False
-0,216654;-0,216654;0,6730981;0,6730981;False
-0,4976401;0;0;0,8673836;False
-0,04707381;0;0;-0,9988914;False
0,4967542;-0,4967542;-0,5032248;0,5032248;False
-0,6783634;-0,6783634;0,1995571;0,1995571;False
-0,4749289;0;0;0,8800243;False
-0,2167789;-0,2167789;0,6730579;0,6730579;False
-0,4988604;0;0;0,8666824;False
-0,0486418;0;0;-0,9988163;False
0,4967481;-0,4967481;-0,5032309;0,5032309;False
-0,6783623;-0,6783623;0,1995612;0,1995612;False
-0,4749025;0;0;0,8800384;False
-0,2169081;-0,2169081;0,6730163;0,6730163;False
-0,5001471;0;0;0,8659405;False
-0,05025185;0;0;-0,9987366;False
0,4967511;-0,4967511;-0,5032279;0,5032279;False
-0,6783575;-0,6783575;0,1995774;0,1995774;False
-0,4748972;0;0;0,8800413;False
-0,2169686;-0,2169686;0,6729968;0,6729968;False
-0,5007848;0;0;0,8655719;False
-0,05107132;0;0;-0,9986951;False
0,4967421;-0,4967421;-0,5032368;0,5032368;False
-0,6783623;-0,6783623;0,1995612;0,1995612;False
-0,4748497;0;0;0,8800669;False
-0,2172146;-0,2172146;0,6729174;0,6729174;False
-0,5027639;0;0;0,8644238;False
-0,05372796;0;0;-0,9985557;False
0,4967692;-0,4967692;-0,5032101;0,5032101;False
-0,6783587;-0,6783587;0,1995733;0,1995733;False
-0,474797;0;0;0,8800954;False
-0,2174847;-0,2174847;0,6728302;0,6728302;False
-0,5049058;0;0;0,8631745;False
-0,05656369;0;0;-0,9983991;False
0,4967662;-0,4967662;-0,503213;0,503213;False
-0,6783611;-0,6783611;0,1995653;0,1995653;False
-0,4747865;0;0;0,8801011;False
-0,2176904;-0,2176904;0,6727636;0,6727636;False
-0,506337;0;0;0,8623357;False
-0,05844795;0;0;-0,9982905;False
0,4967784;-0,4967784;-0,5032011;0,5032011;False
-0,6783587;-0,6783587;0,1995733;0,1995733;False
-0,4747865;0;0;0,8801011;False
-0,2178921;-0,2178921;0,6726983;0,6726983;False
-0,5077102;0;0;0,8615279;False
-0,06037381;0;0;-0,9981759;False
0,4967965;-0,4967965;-0,5031832;0,5031832;False
-0,6783599;-0,6783599;0,1995692;0,1995692;False
-0,4747126;0;0;0,8801409;False
-0,2181701;-0,2181701;0,6726083;0,6726083;False
-0,5098087;0;0;0,8602878;False
-0,06325602;0;0;-0,9979974;False
0,4967844;-0,4967844;-0,5031951;0,5031951;False
-0,6783623;-0,6783623;0,1995612;0,1995612;False
-0,4747232;0;0;0,8801352;False
-0,218271;-0,218271;0,6725755;0,6725755;False
-0,5105045;0;0;0,8598751;False
-0,06419509;0;0;-0,9979374;False
0,4967904;-0,4967904;-0,5031892;0,5031892;False
-0,6783611;-0,6783611;0,1995653;0,1995653;False
-0,474681;0;0;0,8801579;False
-0,2185854;-0,2185854;0,6724734;0,6724734;False
-0,5125783;0;0;0,8586405;False
-0,06700502;0;0;-0,9977526;False
0,4967844;-0,4967844;-0,5031951;0,5031951;False
-0,6783634;-0,6783634;0,1995571;0,1995571;False
-0,4746546;0;0;0,8801722;False
-0,2188916;-0,2188916;0,6723738;0,6723738;False
-0,5145927;0;0;0,8574347;False
-0,06980243;0;0;-0,9975609;False
0,4968086;-0,4968086;-0,5031712;0,5031712;False
-0,6783611;-0,6783611;0,1995653;0,1995653;False
-0,4746229;0;0;0,8801892;False
-0,2189722;-0,2189722;0,6723475;0,6723475;False
-0,5152653;0;0;0,8570307;False
-0,07073485;0;0;-0,9974952;False
0,4968176;-0,4968176;-0,5031623;0,5031623;False
-0,6783611;-0,6783611;0,1995653;0,1995653;False
-0,4745859;0;0;0,8802092;False
-0,2191737;-0,2191737;0,6722819;0,6722819;False
-0,5166147;0;0;0,856218;False
-0,07258737;0;0;-0,9973621;False
0,4968206;-0,4968206;-0,5031593;0,5031593;False
-0,6783587;-0,6783587;0,1995733;0,1995733;False
-0,4745701;0;0;0,8802177;False
-0,2193872;-0,2193872;0,6722122;0,6722122;False
-0,5179065;0;0;0,8554372;False
-0,07445785;0;0;-0,9972242;False
0,4968206;-0,4968206;-0,5031593;0,5031593;False
-0,6783634;-0,6783634;0,1995571;0,1995571;False
-0,4745648;0;0;0,8802206;False
-0,219488;-0,219488;0,6721793;0,6721793;False
-0,5185774;0;0;0,8550307;False
-0,07540763;0;0;-0,9971529;False
0,4968206;-0,4968206;-0,5031593;0,5031593;False
-0,6783623;-0,6783623;0,1995612;0,1995612;False
-0,4745278;0;0;0,8802405;False
-0,2197056;-0,2197056;0,6721082;0,6721082;False
-0,5198727;0;0;0,8542438;False
-0,07728367;0;0;-0,9970092;False
0,4968236;-0,4968236;-0,5031564;0,5031564;False
-0,6783611;-0,6783611;0,1995653;0,1995653;False
-0,4745278;0;0;0,8802405;False
-0,2198061;-0,2198061;0,6720754;0,6720754;False
-0,5205273;0;0;0,853845;False
-0,07824529;0;0;-0,9969342;False
0,4968206;-0,4968206;-0,5031593;0,5031593;False
-0,6783599;-0,6783599;0,1995692;0,1995692;False
-0,474491;0;0;0,8802603;False
-0,2201405;-0,2201405;0,6719659;0,6719659;False
-0,5224388;0;0;0,8526768;False
-0,08099879;0;0;-0,9967142;False
0,4968297;-0,4968297;-0,5031503;0,5031503;False
-0,6783599;-0,6783599;0,1995692;0,1995692;False
-0,4744487;0;0;0,8802832;False
-0,220507;-0,220507;0,6718457;0,6718457;False
-0,5243631;0;0;0,8514948;False
-0,08372155;0;0;-0,9964892;False
0,4968538;-0,4968538;-0,5031265;0,5031265;False
-0,6783634;-0,6783634;0,1995571;0,1995571;False
-0,4744066;0;0;0,8803059;False
-0,2208653;-0,2208653;0,671728;0,671728;False
-0,5262536;0;0;0,8503277;False
-0,08643796;0;0;-0,9962573;False
0,4968688;-0,4968688;-0,5031117;0,5031117;False
-0,6783634;-0,6783634;0,1995571;0,1995571;False
-0,4743802;0;0;0,8803201;False
-0,221119;-0,221119;0,6716446;0,6716446;False
-0,5274756;0;0;0,8495702;False
-0,0882644;0;0;-0,9960971;False
0,4968568;-0,4968568;-0,5031236;0,5031236;False
-0,6783587;-0,6783587;0,1995733;0,1995733;False
-0,4743485;0;0;0,8803372;False
-0,2215013;-0,2215013;0,6715186;0,6715186;False
-0,5293062;0;0;0,8484309;False
-0,09102746;0;0;-0,9958485;False
0,4968628;-0,4968628;-0,5031177;0,5031177;False
-0,6783599;-0,6783599;0,1995692;0,1995692;False
-0,474338;0;0;0,8803428;False
-0,2216422;-0,2216422;0,6714721;0,6714721;False
-0,529936;0;0;0,8480377;False
-0,09198204;0;0;-0,9957607;False
0,4968628;-0,4968628;-0,5031177;0,5031177;False
-0,6783587;-0,6783587;0,1995733;0,1995733;False
-0,4742852;0;0;0,8803713;False
-0,2220406;-0,2220406;0,6713405;0,6713405;False
-0,5317432;0;0;0,8469057;False
-0,0947143;0;0;-0,9955046;False
0,496881;-0,496881;-0,5030997;0,5030997;False
-0,6783611;-0,6783611;0,1995653;0,1995653;False
-0,4742799;0;0;0,8803741;False
-0,2221693;-0,2221693;0,6712978;0,6712978;False
-0,5323365;0;0;0,8465328;False
-0,09562689;0;0;-0,9954172;False
0,4968899;-0,4968899;-0,5030909;0,5030909;False
-0,6783611;-0,6783611;0,1995653;0,1995653;False
-0,4742483;0;0;0,8803911;False
-0,222471;-0,222471;0,671198;0,671198;False
-0,5334973;0;0;0,8458018;False
-0,09734452;0;0;-0,9952508;False
0,4968899;-0,4968899;-0,5030909;0,5030909;False
-0,6783623;-0,6783623;0,1995612;0,1995612;False
-0,4742325;0;0;0,8803996;False
-0,2228974;-0,2228974;0,6710564;0,6710564;False
-0,535259;0;0;0,844688;False
-0,1000216;0;0;-0,9949853;False
0,4968869;-0,4968869;-0,5030938;0,5030938;False
-0,6783611;-0,6783611;0,1995653;0,1995653;False
-0,4741955;0;0;0,8804196;False
-0,2233397;-0,2233397;0,6709093;0,6709093;False
-0,5370387;0;0;0,8435576;False
-0,1026804;0;0;-0,9947144;False
0,496905;-0,496905;-0,503076;0,503076;False
-0,6783611;-0,6783611;0,1995653;0,1995653;False
-0,4741744;0;0;0,8804309;False
-0,2234885;-0,2234885;0,6708598;0,6708598;False
-0,5376349;0;0;0,8431778;False
-0,1035564;0;0;-0,9946236;False
0,496902;-0,496902;-0,5030789;0,5030789;False
-0,6783611;-0,6783611;0,1995653;0,1995653;False
-0,4741534;0;0;0,8804423;False
-0,2239227;-0,2239227;0,670715;0,670715;False
-0,5393406;0;0;0,8420878;False
-0,1062855;0;0;-0,9943357;False
0,4969201;-0,4969201;-0,5030611;0,5030611;False
-0,6783599;-0,6783599;0,1995692;0,1995692;False
-0,4741164;0;0;0,8804622;False
-0,2242042;-0,2242042;0,670621;0,670621;False
-0,5404702;0;0;0,8413633;False
-0,1081204;0;0;-0,9941378;False
0,4969201;-0,4969201;-0,5030611;0,5030611;False
-0,6783611;-0,6783611;0,1995653;0,1995653;False
-0,4741058;0;0;0,8804679;False
-0,2245015;-0,2245015;0,6705215;0,6705215;False
-0,5415884;0;0;0,8406438;False
-0,1099252;0;0;-0,9939399;False
0,4969232;-0,4969232;-0,5030581;0,5030581;False
-0,6783587;-0,6783587;0,1995733;0,1995733;False
-0,4740742;0;0;0,8804849;False
-0,2249676;-0,2249676;0,6703653;0,6703653;False
-0,5432539;0;0;0,8395685;False
-0,1125511;0;0;-0,993646;False
0,4969321;-0,4969321;-0,5030492;0,5030492;False
-0,6783623;-0,6783623;0,1995612;0,1995612;False
-0,4740478;0;0;0,8804991;False
-0,2253052;-0,2253052;0,6702519;0,6702519;False
-0,5443345;0;0;0,8388683;False
-0,1143073;0;0;-0,9934454;False
0,4969321;-0,4969321;-0,5030492;0,5030492;False
-0,6783611;-0,6783611;0,1995653;0,1995653;False
-0,4740214;0;0;0,8805134;False
-0,2256263;-0,2256263;0,6701438;0,6701438;False
-0,5453843;0;0;0,8381861;False
-0,1160455;0;0;-0,9932439;False
0,4969562;-0,4969562;-0,5030254;0,5030254;False
-0,6783599;-0,6783599;0,1995692;0,1995692;False
-0,4739687;0;0;0,8805417;False
-0,2261485;-0,2261485;0,6699678;0,6699678;False
-0,5470097;0;0;0,8371263;False
-0,1186696;0;0;-0,9929339;False
0,4969533;-0,4969533;-0,5030283;0,5030283;False
-0,6783623;-0,6783623;0,1995612;0,1995612;False
-0,4739528;0;0;0,8805503;False
-0,2265059;-0,2265059;0,6698471;0,6698471;False
-0,5480922;0;0;0,8364179;False
-0,120395;0;0;-0,9927261;False
0,4969502;-0,4969502;-0,5030313;0,5030313;False
-0,6783646;-0,6783646;0,1995531;0,1995531;False
-0,473937;0;0;0,8805588;False
-0,2268511;-0,2268511;0,6697302;0,6697302;False
-0,5491291;0;0;0,8357375;False
-0,1221793;0;0;-0,9925081;False
0,4969622;-0,4969622;-0,5030195;0,5030195;False
-0,6783575;-0,6783575;0,1995774;0,1995774;False
-0,4739423;0;0;0,8805559;False
-0,2270277;-0,2270277;0,6696704;0,6696704;False
-0,5496396;0;0;0,8354018;False
-0,1230653;0;0;-0,9923986;False
0,4969833;-0,4969833;-0,5029986;0,5029986;False
-0,6783611;-0,6783611;0,1995653;0,1995653;False
-0,4739001;0;0;0,8805786;False
-0,2275494;-0,2275494;0,6694933;0,6694933;False
-0,5511849;0;0;0,8343831;False
-0,1257289;0;0;-0,9920647;False
0,4969804;-0,4969804;-0,5030016;0,5030016;False
-0,6783623;-0,6783623;0,1995612;0,1995612;False
-0,473842;0;0;0,8806099;False
-0,2280829;-0,2280829;0,6693118;0,6693118;False
-0,5527431;0;0;0,8333517;False
-0,1283262;0;0;-0,991732;False
0,4969865;-0,4969865;-0,5029956;0,5029956;False
-0,6783611;-0,6783611;0,1995653;0,1995653;False
-0,4738473;0;0;0,880607;False
-0,2282674;-0,2282674;0,6692489;0,6692489;False
-0,5532424;0;0;0,8330203;False
-0,1291818;0;0;-0,9916209;False
0,4969865;-0,4969865;-0,5029956;0,5029956;False
-0,6783634;-0,6783634;0,1995571;0,1995571;False
-0,4738104;0;0;0,8806269;False
-0,2287728;-0,2287728;0,6690763;0,6690763;False
-0,5547332;0;0;0,8320283;False
-0,1317661;0;0;-0,9912809;False
0,4970045;-0,4970045;-0,5029777;0,5029777;False
-0,6783599;-0,6783599;0,1995692;0,1995692;False
-0,4737733;0;0;0,8806469;False
-0,2292941;-0,2292941;0,6688977;0,6688977;False
-0,5562225;0;0;0,8310335;False
-0,1343258;0;0;-0,9909373;False
0,4970195;-0,4970195;-0,5029628;0,5029628;False
-0,6783611;-0,6783611;0,1995653;0,1995653;False
-0,473731;0;0;0,8806696;False
-0,2296548;-0,2296548;0,668774;0,668774;False
-0,5572323;0;0;0,8303566;False
-0,1360235;0;0;-0,9907056;False
0,4970075;-0,4970075;-0,5029748;0,5029748;False
-0,6783611;-0,6783611;0,1995653;0,1995653;False
-0,4737258;0;0;0,8806724;False
-0,2300436;-0,2300436;0,6686404;0,6686404;False
-0,5582119;0;0;0,8296984;False
-0,1377986;0;0;-0,9904603;False
0,4970195;-0,4970195;-0,5029628;0,5029628;False
-0,6783623;-0,6783623;0,1995612;0,1995612;False
-0,4736888;0;0;0,8806923;False
-0,2306286;-0,2306286;0,6684389;0,6684389;False
-0,5596326;0;0;0,8287408;False
-0,1404094;0;0;-0,9900936;False
0,4970406;-0,4970406;-0,502942;0,502942;False
-0,6783599;-0,6783599;0,1995692;0,1995692;False
-0,4736783;0;0;0,880698;False
-0,2309932;-0,2309932;0,668313;0,668313;False
-0,5605702;0;0;0,8281069;False
-0,142106;0;0;-0,9898514;False
0,4970406;-0,4970406;-0,502942;0,502942;False
-0,6783587;-0,6783587;0,1995733;0,1995733;False
-0,4736519;0;0;0,8807122;False
-0,2313856;-0,2313856;0,6681772;0,6681772;False
-0,5615173;0;0;0,827465;False
-0,1437903;0;0;-0,9896082;False
0,4970406;-0,4970406;-0,502942;0,502942;False
-0,6783611;-0,6783611;0,1995653;0,1995653;False
-0,473636;0;0;0,8807207;False
-0,2315978;-0,2315978;0,6681036;0,6681036;False
-0,562003;0;0;0,8271352;False
-0,1446027;0;0;-0,9894899;False
0,4970497;-0,4970497;-0,5029331;0,5029331;False
-0,6783599;-0,6783599;0,1995692;0,1995692;False
-0,4735886;0;0;0,8807462;False
-0,2321864;-0,2321864;0,6678993;0,6678993;False
-0,5634091;0;0;0,826178;False
-0,1471042;0;0;-0,989121;False
0,4970587;-0,4970587;-0,502924;0,502924;False
-0,6783587;-0,6783587;0,1995733;0,1995733;False
-0,4735622;0;0;0,8807604;False
-0,2327307;-0,2327307;0,6677098;0,6677098;False
-0,5647595;0;0;0,8252556;False
-0,1496346;0;0;-0,9887413;False
0,4970678;-0,4970678;-0,5029152;0,5029152;False
-0,6783575;-0,6783575;0,1995774;0,1995774;False
-0,4735516;0;0;0,8807661;False
-0,2329428;-0,2329428;0,6676359;0,6676359;False
-0,5651993;0;0;0,8249544;False
-0,15047;0;0;-0,9886146;False
0,4970799;-0,4970799;-0,5029032;0,5029032;False
-0,6783599;-0,6783599;0,1995692;0,1995692;False
-0,4735463;0;0;0,8807689;False
-0,2331229;-0,2331229;0,667573;0,667573;False
-0,5656538;0;0;0,8246428;False
-0,1513291;0;0;-0,9884835;False
0,4970707;-0,4970707;-0,5029122;0,5029122;False
-0,6783575;-0,6783575;0,1995774;0,1995774;False
-0,4735252;0;0;0,8807803;False
-0,233515;-0,233515;0,6674359;0,6674359;False
-0,5665526;0;0;0,8240256;False
-0,1530406;0;0;-0,98822;False
0,4970799;-0,4970799;-0,5029032;0,5029032;False
-0,6783599;-0,6783599;0,1995692;0,1995692;False
-0,4734989;0;0;0,8807945;False
-0,233947;-0,233947;0,6672847;0,6672847;False
-0,5674505;0;0;0,8234075;False
-0,1547398;0;0;-0,9879553;False
0,4970858;-0,4970858;-0,5028973;0,5028973;False
-0,6783599;-0,6783599;0,1995692;0,1995692;False
-0,4734777;0;0;0,8808058;False
-0,2345548;-0,2345548;0,6670713;0,6670713;False
-0,5687717;0;0;0,8224955;False
-0,157273;0;0;-0,9875552;False
0,4971039;-0,4971039;-0,5028794;0,5028794;False
-0,6783587;-0,6783587;0,1995733;0,1995733;False
-0,4734513;0;0;0,88082;False
-0,2350143;-0,2350143;0,6669095;0,6669095;False
-0,5696235;0;0;0,8219058;False
-0,1589241;0;0;-0,9872909;False
0,4971039;-0,4971039;-0,5028794;0,5028794;False
-0,6783552;-0,6783552;0,1995855;0,1995855;False
-0,4734197;0;0;0,880837;False
-0,2354498;-0,2354498;0,6667559;0,6667559;False
-0,5704848;0;0;0,8213082;False
-0,1605565;0;0;-0,9870266;False
0,497107;-0,497107;-0,5028764;0,5028764;False
-0,6783575;-0,6783575;0,1995774;0,1995774;False
-0,4734038;0;0;0,8808455;False
-0,2359174;-0,2359174;0,6665906;0,6665906;False
-0,5713404;0;0;0,8207132;False
-0,1621829;0;0;-0,9867607;False
0,4971312;-0,4971312;-0,5028524;0,5028524;False
-0,6783527;-0,6783527;0,1995936;0,1995936;False
-0,473388;0;0;0,8808541;False
-0,2365805;-0,2365805;0,6663556;0,6663556;False
-0,5726033;0;0;0,8198326;False
-0,1646484;0;0;-0,9863524;False
0,4971371;-0,4971371;-0,5028465;0,5028465;False
-0,6783468;-0,6783468;0,1996139;0,1996139;False
-0,4733563;0;0;0,8808711;False
-0,2368001;-0,2368001;0,6662775;0,6662775;False
-0,5730256;0;0;0,8195375;False
-0,165446;0;0;-0,9862189;False
0,4971402;-0,4971402;-0,5028436;0,5028436;False
-0,6783468;-0,6783468;0,1996139;0,1996139;False
-0,4733458;0;0;0,8808767;False
-0,2369997;-0,2369997;0,6662065;0,6662065;False
-0,5734426;0;0;0,8192458;False
-0,1663086;0;0;-0,9860738;False
0,4971371;-0,4971371;-0,5028465;0,5028465;False
-0,6783491;-0,6783491;0,1996058;0,1996058;False
-0,4733247;0;0;0,8808881;False
-0,2376265;-0,2376265;0,6659832;0,6659832;False
-0,5746641;0;0;0,8183894;False
-0,16879;0;0;-0,9856521;False
0,4971583;-0,4971583;-0,5028257;0,5028257;False
-0,6783456;-0,6783456;0,199618;0,199618;False
-0,4732877;0;0;0,880908;False
-0,2383249;-0,2383249;0,6657336;0,6657336;False
-0,5758691;0;0;0,817542;False
-0,1712939;0;0;-0,98522;False
0,4971764;-0,4971764;-0,5028078;0,5028078;False
-0,6783444;-0,6783444;0,1996221;0,1996221;False
-0,4732719;0;0;0,8809164;False
-0,2387837;-0,2387837;0,6655692;0,6655692;False
-0,5766769;0;0;0,8169723;False
-0,1729407;0;0;-0,9849323;False
0,4971734;-0,4971734;-0,5028107;0,5028107;False
-0,6783444;-0,6783444;0,1996221;0,1996221;False
-0,4732296;0;0;0,8809391;False
-0,2392343;-0,2392343;0,6654074;0,6654074;False
-0,5774939;0;0;0,816395;False
-0,1745694;0;0;-0,9846449;False
0,4971854;-0,4971854;-0,5027989;0,5027989;False
-0,6783432;-0,6783432;0,1996262;0,1996262;False
-0,4732085;0;0;0,8809505;False
-0,2397088;-0,2397088;0,6652366;0,6652366;False
-0,5782761;0;0;0,8158411;False
-0,1761681;0;0;-0,9843602;False
0,4972005;-0,4972005;-0,502784;0,502784;False
-0,6783444;-0,6783444;0,1996221;0,1996221;False
-0,4732085;0;0;0,8809505;False
-0,240191;-0,240191;0,6650626;0,6650626;False
-0,5790527;0;0;0,8152901;False
-0,1777903;0;0;-0,9840685;False
0,4972065;-0,4972065;-0,5027781;0,5027781;False
-0,6783479;-0,6783479;0,1996099;0,1996099;False
-0,4731557;0;0;0,8809788;False
-0,2406495;-0,2406495;0,6648968;0,6648968;False
-0,5798094;0;0;0,8147522;False
-0,1793585;0;0;-0,9837838;False
0,4972125;-0,4972125;-0,5027721;0,5027721;False
-0,6783444;-0,6783444;0,1996221;0,1996221;False
-0,473161;0;0;0,880976;False
-0,2411157;-0,2411157;0,664728;0,664728;False
-0,580561;0;0;0,8142169;False
-0,1810032;0;0;-0,9834825;False
0,4972366;-0,4972366;-0,5027483;0,5027483;False
-0,6783432;-0,6783432;0,1996262;0,1996262;False
-0,4731082;0;0;0,8810043;False
-0,2415617;-0,2415617;0,664566;0,664566;False
-0,5813214;0;0;0,813674;False
-0,1826059;0;0;-0,9831862;False
0,4972335;-0,4972335;-0,5027513;0,5027513;False
-0,678342;-0,678342;0,1996302;0,1996302;False
-0,473103;0;0;0,8810071;False
-0,2422745;-0,2422745;0,6643065;0,6643065;False
-0,5824469;0;0;0,8128688;False
-0,1850621;0;0;-0,9827269;False
0,4972427;-0,4972427;-0,5027423;0,5027423;False
-0,6783444;-0,6783444;0,1996221;0,1996221;False
-0,4730713;0;0;0,8810242;False
-0,2425174;-0,2425174;0,6642178;0,6642178;False
-0,5828119;0;0;0,8126071;False
-0,1858865;0;0;-0,9825712;False
0,4972517;-0,4972517;-0,5027333;0,5027333;False
-0,6783444;-0,6783444;0,1996221;0,1996221;False
-0,4730554;0;0;0,8810326;False
-0,2432418;-0,2432418;0,6639529;0,6639529;False
-0,5839162;0;0;0,8118139;False
-0,1882884;0;0;-0,9821138;False
0,4972576;-0,4972576;-0,5027274;0,5027274;False
-0,6783395;-0,6783395;0,1996384;0,1996384;False
-0,4730185;0;0;0,8810525;False
-0,2439658;-0,2439658;0,6636872;0,6636872;False
-0,5849614;0;0;0,8110612;False
-0,1906357;0;0;-0,9816609;False
0,4972698;-0,4972698;-0,5027155;0,5027155;False
-0,6783371;-0,6783371;0,1996467;0,1996467;False
-0,4729974;0;0;0,8810639;False
-0,2442124;-0,2442124;0,6635965;0,6635965;False
-0,5852965;0;0;0,8108194;False
-0,19143;0;0;-0,9815062;False
0,4972818;-0,4972818;-0,5027036;0,5027036;False
-0,6783371;-0,6783371;0,1996467;0,1996467;False
-0,4729763;0;0;0,8810752;False
-0,244952;-0,244952;0,6633239;0,6633239;False
-0,5863646;0;0;0,8100473;False
-0,1938058;0;0;-0,9810399;False
0,4972999;-0,4972999;-0,5026857;0,5026857;False
-0,6783371;-0,6783371;0,1996467;0,1996467;False
-0,4729604;0;0;0,8810837;True
-0,2454528;-0,2454528;0,6631387;0,6631387;True
-0,5870582;0;0;0,8095447;True
-0,1953458;0;0;-0,9807345;True
0,4972939;-0,4972939;-0,5026916;0,5026916;True
-0,6783323;-0,6783323;0,199663;0,199663;True
-0,4729444;0;0;0,8810923;False
-0,2457072;-0,2457072;0,6630445;0,6630445;False
-0,5874267;0;0;0,8092774;False
-0,1961449;0;0;-0,980575;False
0,4972908;-0,4972908;-0,5026945;0,5026945;False
-0,6783335;-0,6783335;0,1996588;0,1996588;False
-0,4728916;0;0;0,8811206;False
-0,2464939;-0,2464939;0,6627524;0,6627524;False
-0,5884588;0;0;0,8085272;False
-0,1984832;0;0;-0,9801043;False
0,49733;-0,49733;-0,5026559;0,5026559;False
-0,6783311;-0,6783311;0,1996669;0,1996669;False
-0,4728441;0;0;0,8811461;False
-0,2472919;-0,2472919;0,6624551;0,6624551;False
-0,5894754;0;0;0,8077863;False
-0,2009084;0;0;-0,9796101;False
0,4973269;-0,4973269;-0,5026589;0,5026589;False
-0,67833;-0,67833;0,1996709;0,1996709;False
-0,4728335;0;0;0,8811518;False
-0,2478199;-0,2478199;0,6622577;0,6622577;False
-0,5901141;0;0;0,8073199;False
-0,2024813;0;0;-0,9792862;False
0,4973269;-0,4973269;-0,5026589;0,5026589;False
-0,6783276;-0,6783276;0,1996791;0,1996791;False
-0,472823;0;0;0,8811575;False
-0,2486056;-0,2486056;0,6619632;0,6619632;False
-0,5910904;0;0;0,8066053;False
-0,2048104;0;0;-0,9788017;False
0,497342;-0,497342;-0,5026439;0,5026439;False
-0,6783264;-0,6783264;0,1996832;0,1996832;False
-0,4728071;0;0;0,881166;False
-0,2491251;-0,2491251;0,6617679;0,6617679;False
-0,5917181;0;0;0,806145;False
-0,2063529;0;0;-0,9784777;False
0,4973632;-0,4973632;-0,5026231;0,5026231;False
-0,6783264;-0,6783264;0,1996832;0,1996832;False
-0,4727543;0;0;0,8811943;False
-0,249625;-0,249625;0,6615794;0,6615794;False
-0,5923554;0;0;0,8056768;False
-0,2078891;0;0;-0,9781525;False
0,4973691;-0,4973691;-0,5026172;0,5026172;False
-0,6783264;-0,6783264;0,1996832;0,1996832;False
-0,4727649;0;0;0,8811886;False
-0,2498985;-0,2498985;0,6614762;0,6614762;False
-0,5926787;0;0;0,805439;False
-0,2086687;0;0;-0,9779865;False
0,4973571;-0,4973571;-0,502629;0,502629;False
-0,6783264;-0,6783264;0,1996832;0,1996832;False
-0,4727332;0;0;0,8812056;False
-0,2506793;-0,2506793;0,6611807;0,6611807;False
-0,5936049;0;0;0,8047567;False
-0,2109653;0;0;-0,9774936;False
0,4973691;-0,4973691;-0,5026172;0,5026172;False
-0,6783203;-0,6783203;0,1997036;0,1997036;False
-0,4726963;0;0;0,8812255;False
-0,2514635;-0,2514635;0,6608828;0,6608828;False
-0,5944672;0;0;0,8041199;False
-0,2133138;0;0;-0,9769838;False
0,4973843;-0,4973843;-0,5026021;0,5026021;False
-0,6783215;-0,6783215;0,1996996;0,1996996;False
-0,4727121;0;0;0,8812169;False
-0,2517249;-0,2517249;0,6607833;0,6607833;False
-0,594766;0;0;0,8038989;False
-0,2141273;0;0;-0,9768058;False
0,4973903;-0,4973903;-0,5025962;0,5025962;False
-0,6783192;-0,6783192;0,1997077;0,1997077;False
-0,4726963;0;0;0,8812255;False
-0,2522357;-0,2522357;0,6605885;0,6605885;False
-0,595334;0;0;0,8034784;False
-0,2157193;0;0;-0,9764555;False
0,4973873;-0,4973873;-0,5025991;0,5025991;False
-0,6783203;-0,6783203;0,1997036;0,1997036;False
-0,4726751;0;0;0,8812368;False
-0,2527424;-0,2527424;0,6603948;0,6603948;False
-0,5959212;0;0;0,8030429;False
-0,2172814;0;0;-0,9761091;False
0,4973903;-0,4973903;-0,5025962;0,5025962;False
-0,6783168;-0,6783168;0,1997158;0,1997158;False
-0,4726593;0;0;0,8812453;False
-0,2532369;-0,2532369;0,6602053;0,6602053;False
-0,5964742;0;0;0,8026323;False
-0,2187378;0;0;-0,9757837;False
0,4974114;-0,4974114;-0,5025752;0,5025752;False
-0,678318;-0,678318;0,1997118;0,1997118;False
-0,4726487;0;0;0,8812509;False
-0,253601;-0,253601;0,6600656;0,6600656;False
-0,596873;0;0;0,8023357;False
-0,2197845;0;0;-0,9755485;False
0,4974084;-0,4974084;-0,5025783;0,5025783;False
-0,6783192;-0,6783192;0,1997077;0,1997077;False
-0,4726276;0;0;0,8812623;False
-0,2538305;-0,2538305;0,6599774;0,6599774;False
-0,5971469;0;0;0,8021319;False
-0,2204917;0;0;-0,9753889;False
0,4974114;-0,4974114;-0,5025752;0,5025752;False
-0,6783168;-0,6783168;0,1997158;0,1997158;False
-0,4726382;0;0;0,8812566;False
-0,2539887;-0,2539887;0,6599165;0,6599165;False
-0,5973009;0;0;0,8020172;False
-0,2208308;0;0;-0,9753122;False
0,4974054;-0,4974054;-0,5025812;0,5025812;False
-0,6783168;-0,6783168;0,1997158;0,1997158;False
-0,4726276;0;0;0,8812623;False
-0,2539808;-0,2539808;0,6599196;0,6599196;False
-0,5972769;0;0;0,8020352;False
-0,2207022;0;0;-0,9753413;False
0,4974054;-0,4974054;-0,5025812;0,5025812;False
-0,6783168;-0,6783168;0,1997158;0,1997158;False
-0,4726434;0;0;0,8812538;False
-0,2539808;-0,2539808;0,6599196;0,6599196;False
-0,5972769;0;0;0,8020352;False
-0,2206845;0;0;-0,9753453;False
0,4974023;-0,4974023;-0,5025843;0,5025843;False
-0,6783192;-0,6783192;0,1997077;0,1997077;False
-0,4726382;0;0;0,8812566;False
-0,253965;-0,253965;0,6599256;0,6599256;False
-0,5972575;0;0;0,8020496;False
-0,2206495;0;0;-0,9753532;False
0,4974144;-0,4974144;-0,5025723;0,5025723;False
-0,6783144;-0,6783144;0,1997239;0,1997239;False
-0,4726276;0;0;0,8812623;False
-0,2539611;-0,2539611;0,6599271;0,6599271;False
-0,5972624;0;0;0,8020459;False
-0,2206378;0;0;-0,9753558;False
0,4974114;-0,4974114;-0,5025752;0,5025752;False
-0,6783156;-0,6783156;0,1997199;0,1997199;False
-0,4726223;0;0;0,8812651;False
-0,2539571;-0,2539571;0,6599286;0,6599286;False
-0,5972575;0;0;0,8020496;False
-0,2205618;0;0;-0,9753731;False
0,4974084;-0,4974084;-0,5025783;0,5025783;False
-0,6783168;-0,6783168;0,1997158;0,1997158;False
-0,4725959;0;0;0,8812792;False
-0,2539532;-0,2539532;0,6599302;0,6599302;False
-0,5972527;0;0;0,8020531;False
-0,2205444;0;0;-0,975377;False
0,4974084;-0,4974084;-0,5025783;0,5025783;False
-0,678318;-0,678318;0,1997118;0,1997118;False
-0,4726118;0;0;0,8812708;False
-0,2539491;-0,2539491;0,6599317;0,6599317;False
-0,5972479;0;0;0,8020567;False
-0,2205618;0;0;-0,9753731;False
0,4974084;-0,4974084;-0,5025783;0,5025783;False
-0,6783156;-0,6783156;0,1997199;0,1997199;False
-0,4726118;0;0;0,8812708;False
-0,2539808;-0,2539808;0,6599196;0,6599196;False
-0,5972672;0;0;0,8020423;False
-0,2205618;0;0;-0,9753731;False
0,4974174;-0,4974174;-0,5025693;0,5025693;False
-0,678318;-0,678318;0,1997118;0,1997118;False
-0,4726329;0;0;0,8812594;False
-0,2539966;-0,2539966;0,6599134;0,6599134;False
-0,5972816;0;0;0,8020316;False
-0,2205559;0;0;-0,9753743;False
0,4974084;-0,4974084;-0,5025783;0,5025783;False
-0,6783192;-0,6783192;0,1997077;0,1997077;False
-0,4726118;0;0;0,8812708;False
-0,2540123;-0,2540123;0,6599074;0,6599074;False
-0,5972672;0;0;0,8020423;False
-0,2205559;0;0;-0,9753743;False
0,4974114;-0,4974114;-0,5025752;0,5025752;False
-0,6783156;-0,6783156;0,1997199;0,1997199;False
-0,472617;0;0;0,8812679;False
-0,254048;-0,254048;0,6598936;0,6598936;False
-0,5972672;0;0;0,8020423;False
-0,2205736;0;0;-0,9753704;False
0,4974295;-0,4974295;-0,5025574;0,5025574;False
-0,6783168;-0,6783168;0,1997158;0,1997158;False
-0,4726118;0;0;0,8812708;False
-0,25404;-0,25404;0,6598967;0,6598967;False
-0,597272;0;0;0,8020387;False
-0,2205618;0;0;-0,9753731;False
0,4974295;-0,4974295;-0,5025574;0,5025574;False
-0,678318;-0,678318;0,1997118;0,1997118;False
-0,4726329;0;0;0,8812594;False
-0,25404;-0,25404;0,6598967;0,6598967;False
-0,5972672;0;0;0,8020423;False
-0,2205678;0;0;-0,9753717;False
0,4974295;-0,4974295;-0,5025574;0,5025574;False
-0,678318;-0,678318;0,1997118;0,1997118;False
-0,4726012;0;0;0,8812764;False
-0,2540361;-0,2540361;0,6598982;0,6598982;False
-0,5972769;0;0;0,8020352;False
-0,2205618;0;0;-0,9753731;False
0,4974295;-0,4974295;-0,5025574;0,5025574;False
-0,678318;-0,678318;0,1997118;0,1997118;False
-0,4726012;0;0;0,8812764;False
-0,2540441;-0,2540441;0,6598951;0,6598951;False
-0,5972816;0;0;0,8020316;False
-0,2205559;0;0;-0,9753743;False
0,4974355;-0,4974355;-0,5025515;0,5025515;False
-0,678318;-0,678318;0,1997118;0,1997118;False
-0,4726065;0;0;0,8812736;False
-0,2540719;-0,2540719;0,6598845;0,6598845;False
-0,5972672;0;0;0,8020423;False
-0,2205618;0;0;-0,9753731;False
0,4974295;-0,4974295;-0,5025574;0,5025574;False
-0,6783192;-0,6783192;0,1997077;0,1997077;False
-0,472617;0;0;0,8812679;False
-0,2540954;-0,2540954;0,6598754;0,6598754;False
-0,5972911;0;0;0,8020245;False
-0,2205793;0;0;-0,9753691;False
0,4974295;-0,4974295;-0,5025574;0,5025574;False
-0,6783156;-0,6783156;0,1997199;0,1997199;False
-0,4725906;0;0;0,8812821;False
-0,2540915;-0,2540915;0,6598769;0,6598769;False
-0,5972863;0;0;0,8020281;False
-0,2205559;0;0;-0,9753743;False
0,4974325;-0,4974325;-0,5025544;0,5025544;False
-0,6783168;-0,6783168;0,1997158;0,1997158;False
-0,4726065;0;0;0,8812736;False
-0,2541192;-0,2541192;0,6598663;0,6598663;False
-0,5973057;0;0;0,8020137;False
-0,2205678;0;0;-0,9753717;False
0,4974355;-0,4974355;-0,5025515;0,5025515;False
-0,6783156;-0,6783156;0,1997199;0,1997199;False
-0,4726118;0;0;0,8812708;False
-0,2541152;-0,2541152;0,6598678;0,6598678;False
-0,5972962;0;0;0,8020208;False
-0,2205736;0;0;-0,9753704;False
0,4974355;-0,4974355;-0,5025515;0,5025515;False
-0,678318;-0,678318;0,1997118;0,1997118;False
-0,4726012;0;0;0,8812764;False
-0,2541033;-0,2541033;0,6598724;0,6598724;False
-0,5972962;0;0;0,8020208;False
-0,2205385;0;0;-0,9753783;False
0,4974325;-0,4974325;-0,5025544;0,5025544;False
-0,6783192;-0,6783192;0,1997077;0,1997077;False
-0,4726118;0;0;0,8812708;False
-0,2541033;-0,2541033;0,6598724;0,6598724;False
-0,5973104;0;0;0,8020101;False
-0,2204976;0;0;-0,9753876;False
0,4974355;-0,4974355;-0,5025515;0,5025515;False
-0,6783168;-0,6783168;0,1997158;0,1997158;False
-0,4725906;0;0;0,8812821;False
-0,2540876;-0,2540876;0,6598784;0,6598784;False
-0,5972911;0;0;0,8020245;False
-0,2203982;0;0;-0,9754099;False
0,4974325;-0,4974325;-0,5025544;0,5025544;False
-0,6783168;-0,6783168;0,1997158;0,1997158;False
-0,4726012;0;0;0,8812764;False
-0,2540677;-0,2540677;0,6598861;0,6598861;False
-0,5972575;0;0;0,8020496;False
-0,2203574;0;0;-0,9754193;False
0,4974295;-0,4974295;-0,5025574;0,5025574;False
-0,6783168;-0,6783168;0,1997158;0,1997158;False
-0,4726012;0;0;0,8812764;False
-0,2540282;-0,2540282;0,6599013;0,6599013;False
-0,5972479;0;0;0,8020567;False
-0,2202813;0;0;-0,9754364;False
0,4974295;-0,4974295;-0,5025574;0,5025574;False
-0,6783203;-0,6783203;0,1997036;0,1997036;False
-0,4725959;0;0;0,8812792;False
-0,2539571;-0,2539571;0,6599286;0,6599286;False
-0,5971422;0;0;0,8021354;False
-0,219989;0;0;-0,9755024;False
0,4974325;-0,4974325;-0,5025544;0,5025544;False
-0,6783168;-0,6783168;0,1997158;0,1997158;False
-0,472617;0;0;0,8812679;False
-0,2539412;-0,2539412;0,6599348;0,6599348;False
-0,5970939;0;0;0,8021713;False
-0,2198545;0;0;-0,9755327;False
0,4974355;-0,4974355;-0,5025515;0,5025515;False
-0,6783168;-0,6783168;0,1997158;0,1997158;False
-0,4726065;0;0;0,8812736;False
-0,2538976;-0,2538976;0,6599515;0,6599515;False
-0,5970317;0;0;0,8022177;False
-0,2196968;0;0;-0,9755682;False
0,4974385;-0,4974385;-0,5025485;0,5025485;False
-0,6783168;-0,6783168;0,1997158;0,1997158;False
-0,4726118;0;0;0,8812708;False
-0,2537;-0,2537;0,6600275;0,6600275;False
-0,596849;0;0;0,8023536;False
-0,2190125;0;0;-0,9757221;False
0,4974295;-0,4974295;-0,5025574;0,5025574;False
-0,6783168;-0,6783168;0,1997158;0,1997158;False
-0,4725959;0;0;0,8812792;False
-0,2536168;-0,2536168;0,6600595;0,6600595;False
-0,5967384;0;0;0,8024359;False
-0,2187496;0;0;-0,9757811;False
0,4974355;-0,4974355;-0,5025515;0,5025515;False
-0,6783192;-0,6783192;0,1997077;0,1997077;False
-0,4726012;0;0;0,8812764;False
-0,2533914;-0,2533914;0,6601461;0,6601461;False
-0,5965222;0;0;0,8025966;False
-0,2180947;0;0;-0,9759277;False
0,4974415;-0,4974415;-0,5025455;0,5025455;False
-0,6783156;-0,6783156;0,1997199;0,1997199;False
-0,4726118;0;0;0,8812708;False
-0,2529444;-0,2529444;0,6603175;0,6603175;False
-0,5960749;0;0;0,8029289;False
-0,2167784;0;0;-0,9762208;False
0,4974415;-0,4974415;-0,5025455;0,5025455;False
-0,6783192;-0,6783192;0,1997077;0,1997077;False
-0,4726012;0;0;0,8812764;False
-0,252774;-0,252774;0,6603827;0,6603827;False
-0,5958729;0;0;0,8030788;False
-0,2162813;0;0;-0,9763312;False
0,4974385;-0,4974385;-0,5025485;0,5025485;False
-0,6783192;-0,6783192;0,1997077;0,1997077;False
-0,4726118;0;0;0,8812708;False
-0,2522199;-0,2522199;0,6605946;0,6605946;False
-0,5952619;0;0;0,8035317;False
-0,2146659;0;0;-0,9766876;False
0,4974385;-0,4974385;-0,5025485;0,5025485;False
-0,678318;-0,678318;0,1997118;0,1997118;False
-0,4726223;0;0;0,8812651;False
-0,2516537;-0,2516537;0,6608104;0,6608104;False
-0,594588;0;0;0,8040306;False
-0,2129684;0;0;-0,9770591;False
0,4974295;-0,4974295;-0,5025574;0,5025574;False
-0,6783168;-0,6783168;0,1997158;0,1997158;False
-0,4726434;0;0;0,8812538;False
-0,2512339;-0,2512339;0,6609702;0,6609702;False
-0,5941349;0;0;0,8043655;False
-0,2117327;0;0;-0,9773276;False
0,4974295;-0,4974295;-0,5025574;0,5025574;False
-0,6783192;-0,6783192;0,1997077;0,1997077;False
-0,4726223;0;0;0,8812651;False
-0,2507624;-0,2507624;0,6611492;0,6611492;False
-0,5936289;0;0;0,8047389;False
-0,2104969;0;0;-0,9775946;False
0,4974114;-0,4974114;-0,5025752;0,5025752;False
-0,6783203;-0,6783203;0,1997036;0,1997036;False
-0,4726646;0;0;0,8812425;False
-0,2500253;-0,2500253;0,6614283;0,6614283;False
-0,5927995;0;0;0,8053501;False
-0,2084693;0;0;-0,978029;False
0,4974114;-0,4974114;-0,5025752;0,5025752;False
-0,678318;-0,678318;0,1997118;0,1997118;False
-0,4727015;0;0;0,8812226;False
-0,2495061;-0,2495061;0,6616243;0,6616243;False
-0,5922109;0;0;0,8057831;False
-0,2070799;0;0;-0,978324;False
0,4973903;-0,4973903;-0,5025962;0,5025962;False
-0,6783215;-0,6783215;0,1996996;0,1996996;False
-0,4727543;0;0;0,8811943;False
-0,248677;-0,248677;0,6619364;0,6619364;False
-0,5912449;0;0;0,8064921;False
-0,2048281;0;0;-0,9787979;False
0,4973812;-0,4973812;-0,5026051;0,5026051;False
-0,678318;-0,678318;0,1997118;0,1997118;False
-0,4727491;0;0;0,8811971;False
-0,2481255;-0,2481255;0,6621433;0,6621433;False
-0,5905345;0;0;0,8070124;False
-0,203244;0;0;-0,9791281;False
0,4973812;-0,4973812;-0,5026051;0,5026051;False
-0,678318;-0,678318;0,1997118;0,1997118;False
-0,4727649;0;0;0,8811886;False
-0,2475698;-0,2475698;0,6623513;0,6623513;False
-0,5898526;0;0;0,8075109;False
-0,2016477;0;0;-0,9794582;False
0,4973661;-0,4973661;-0,5026201;0,5026201;False
-0,6783203;-0,6783203;0,1997036;0,1997036;False
-0,4728018;0;0;0,8811688;False
-0,2470379;-0,2470379;0,6625499;0,6625499;False
-0,5891609;0;0;0,8080158;False
-0,1999983;0;0;-0,9797962;False
0,4973451;-0,4973451;-0,502641;0,502641;False
-0,6783203;-0,6783203;0,1997036;0,1997036;False
-0,4728177;0;0;0,8811603;False
-0,2465097;-0,2465097;0,6627465;0,6627465;False
-0,5884733;0;0;0,8085167;False
-0,1984596;0;0;-0,9801092;False
0,4973451;-0,4973451;-0,502641;0,502641;False
-0,6783203;-0,6783203;0,1997036;0,1997036;False
-0,4728335;0;0;0,8811518;False
-0,2459852;-0,2459852;0,6629414;0,6629414;False
-0,5877855;0;0;0,8090168;False
-0,19685;0;0;-0,9804336;False
0,4973451;-0,4973451;-0,502641;0,502641;False
-0,6783252;-0,6783252;0,1996872;0,1996872;False
-0,4728758;0;0;0,8811291;False
-0,2457111;-0,2457111;0,663043;0,663043;False
-0,5874508;0;0;0,80926;False
-0,1960745;0;0;-0,980589;False
0,497348;-0,497348;-0,502638;0,502638;False
-0,6783252;-0,6783252;0,1996872;0,1996872;False
-0,4729127;0;0;0,8811093;False
-0,244944;-0,244944;0,6633268;0,6633268;False
-0,5863646;0;0;0,8100473;False
-0,1937056;0;0;-0,9810597;False
0,4973149;-0,4973149;-0,5026707;0,5026707;False
-0,67833;-0,67833;0,1996709;0,1996709;False
-0,4729497;0;0;0,8810894;False
-0,2442163;-0,2442163;0,6635951;0,6635951;False
-0,5853063;0;0;0,8108123;False
-0,1912713;0;0;-0,9815373;False
0,4973119;-0,4973119;-0,5026737;0,5026737;False
-0,67833;-0,67833;0,1996709;0,1996709;False
-0,4729604;0;0;0,8810837;False
-0,2439738;-0,2439738;0,6636843;0,6636843;False
-0,584942;0;0;0,8110751;False
-0,1904653;0;0;-0,981694;False
0,4973059;-0,4973059;-0,5026798;0,5026798;False
-0,6783288;-0,6783288;0,199675;0,199675;False
-0,4729974;0;0;0,8810639;False
-0,2432178;-0,2432178;0,6639616;0,6639616;False
-0,5838338;0;0;0,8118732;False
-0,1880645;0;0;-0,9821567;False
0,4972728;-0,4972728;-0,5027125;0,5027125;False
-0,67833;-0,67833;0,1996709;0,1996709;False
-0,4730396;0;0;0,8810412;False
-0,2427125;-0,2427125;0,6641465;0,6641465;False
-0,583114;0;0;0,8123904;False
-0,1863869;0;0;-0,9824765;False
0,4972758;-0,4972758;-0,5027095;0,5027095;False
-0,6783276;-0,6783276;0,1996791;0,1996791;False
-0,4730554;0;0;0,8810326;False
-0,242195;-0,242195;0,6643355;0,6643355;False
-0,5823834;0;0;0,8129143;False
-0,1847497;0;0;-0,9827856;False
0,4972698;-0,4972698;-0,5027155;0,5027155;False
-0,6783311;-0,6783311;0,1996669;0,1996669;False
-0,4730819;0;0;0,8810185;False
-0,2417091;-0,2417091;0,6645124;0,6645124;False
-0,5816384;0;0;0,8134475;False
-0,1830831;0;0;-0,9830975;False
0,4972698;-0,4972698;-0,5027155;0,5027155;False
-0,6783335;-0,6783335;0,1996588;0,1996588;False
-0,4731135;0;0;0,8810015;False
-0,2412073;-0,2412073;0,6646947;0,6646947;False
-0,5808534;0;0;0,8140082;False
-0,1814684;0;0;-0,9833968;False
0,4972517;-0,4972517;-0,5027333;0,5027333;False
-0,6783348;-0,6783348;0,1996547;0,1996547;False
-0,4731399;0;0;0,8809873;False
-0,2407253;-0,2407253;0,6648694;0,6648694;False
-0,5800632;0;0;0,8145714;False
-0,1798656;0;0;-0,9836912;False
0,4972396;-0,4972396;-0,5027453;0,5027453;False
-0,6783335;-0,6783335;0,1996588;0,1996588;False
-0,4731769;0;0;0,8809674;False
-0,2400318;-0,2400318;0,6651201;0,6651201;False
-0,5789015;0;0;0,8153974;False
-0,177448;0;0;-0,9841303;False
0,4972186;-0,4972186;-0,502766;0,502766;False
-0,6783395;-0,6783395;0,1996384;0,1996384;False
-0,4731769;0;0;0,8809674;False
-0,2397846;-0,2397846;0,6652093;0,6652093;False
-0,578501;0;0;0,8156817;False
-0,1766049;0;0;-0,9842819;False
0,4972186;-0,4972186;-0,502766;0,502766;False
-0,6783395;-0,6783395;0,1996384;0,1996384;False
-0,4732191;0;0;0,8809448;False
-0,2391147;-0,2391147;0,6654504;0,6654504;False
-0,5773326;0;0;0,8165091;False
-0,1741621;0;0;-0,984717;False
0,4972246;-0,4972246;-0,5027601;0,5027601;False
-0,6783383;-0,6783383;0,1996425;0,1996425;False
-0,4732296;0;0;0,8809391;False
-0,2388832;-0,2388832;0,6655335;0,6655335;False
-0,5769315;0;0;0,8167925;False
-0,1733479;0;0;-0,9848607;False
0,4972186;-0,4972186;-0,502766;0,502766;False
-0,6783407;-0,6783407;0,1996344;0,1996344;False
-0,4732719;0;0;0,8809164;False
-0,2381932;-0,2381932;0,6657808;0,6657808;False
-0,5756928;0;0;0,8176661;False
-0,1708215;0;0;-0,985302;False
0,4971884;-0,4971884;-0,5027959;0,5027959;False
-0,6783432;-0,6783432;0,1996262;0,1996262;False
-0,4732666;0;0;0,8809193;False
-0,2379619;-0,2379619;0,6658635;0,6658635;False
-0,5752912;0;0;0,8179487;False
-0,169971;0;0;-0,9854491;False
0,4971793;-0,4971793;-0,5028048;0,5028048;False
-0,678342;-0,678342;0,1996302;0,1996302;False
-0,4733035;0;0;0,8808994;False
-0,2372473;-0,2372473;0,6661184;0,6661184;False
-0,5740166;0;0;0,8188436;False
-0,1674848;0;0;-0,9858747;False
0,4971944;-0,4971944;-0,50279;0,50279;False
-0,6783395;-0,6783395;0,1996384;0,1996384;False
-0,4733194;0;0;0,8808909;False
-0,2368041;-0,2368041;0,6662761;0,6662761;False
-0,5731974;0;0;0,8194174;False
-0,1658184;0;0;-0,9861563;False
0,4971854;-0,4971854;-0,5027989;0,5027989;False
-0,6783444;-0,6783444;0,1996221;0,1996221;False
-0,4733669;0;0;0,8808654;False
-0,2363489;-0,2363489;0,6664377;0,6664377;False
-0,5723772;0;0;0,8199905;False
-0,1641872;0;0;-0,9864293;False
0,4971642;-0,4971642;-0,5028198;0,5028198;False
-0,6783432;-0,6783432;0,1996262;0,1996262;False
-0,4733669;0;0;0,8808654;False
-0,2359135;-0,2359135;0,666592;0,666592;False
-0,5715372;0;0;0,8205762;False
-0,1625258;0;0;-0,9867043;False
0,4971583;-0,4971583;-0,5028257;0,5028257;False
-0,6783468;-0,6783468;0,1996139;0,1996139;False
-0,4734038;0;0;0,8808455;False
-0,2354898;-0,2354898;0,6667417;0,6667417;False
-0,5706668;0;0;0,8211817;False
-0,1608583;0;0;-0,9869776;False
0,4971492;-0,4971492;-0,5028347;0,5028347;False
-0,6783456;-0,6783456;0,199618;0,199618;False
-0,4734197;0;0;0,880837;False
-0,2350902;-0,2350902;0,6668828;0,6668828;False
-0,5698057;0;0;0,8217795;False
-0,159208;0;0;-0,9872451;False
0,4971492;-0,4971492;-0,5028347;0,5028347;False
-0,6783468;-0,6783468;0,1996139;0,1996139;False
-0,4734408;0;0;0,8808256;False
-0,2344746;-0,2344746;0,6670995;0,6670995;False
-0,5685056;0;0;0,8226794;False
-0,1566993;0;0;-0,9876464;False
0,4971312;-0,4971312;-0,5028524;0,5028524;False
-0,6783432;-0,6783432;0,1996262;0,1996262;False
-0,4734619;0;0;0,8808143;False
-0,2342587;-0,2342587;0,6671753;0,6671753;False
-0,5680619;0;0;0,8229859;False
-0,155835;0;0;-0,9877831;False
0,4971282;-0,4971282;-0,5028554;0,5028554;False
-0,6783432;-0,6783432;0,1996262;0,1996262;False
-0,4735041;0;0;0,8807916;False
-0,2336149;-0,2336149;0,667401;0,667401;False
-0,5667647;0;0;0,8238797;False
-0,1532715;0;0;-0,9881842;False
0,4971312;-0,4971312;-0,5028524;0,5028524;False
-0,6783456;-0,6783456;0,199618;0,199618;False
-0,4735358;0;0;0,8807746;False
-0,2332109;-0,2332109;0,6675423;0,6675423;False
-0,5658759;0;0;0,8244904;False
-0,1515778;0;0;-0,9884454;False
0,497122;-0,497122;-0,5028614;0,5028614;False
-0,6783503;-0,6783503;0,1996017;0,1996017;False
-0,4735516;0;0;0,8807661;False
-0,2328147;-0,2328147;0,6676806;0,6676806;False
-0,5649324;0;0;0,8251372;False
-0,1499012;0;0;-0,988701;False
0,4971039;-0,4971039;-0,5028794;0,5028794;False
-0,6783527;-0,6783527;0,1995936;0,1995936;False
-0,4735833;0;0;0,880749;False
-0,2321743;-0,2321743;0,6679035;0,6679035;False
-0,5635329;0;0;0,8260937;False
-0,1473771;0;0;-0,9890804;False
0,4970949;-0,4970949;-0,5028884;0,5028884;False
-0,6783515;-0,6783515;0,1995977;0,1995977;False
-0,4735938;0;0;0,8807434;False
-0,2319821;-0,2319821;0,6679703;0,6679703;False
-0,5630776;0;0;0,826404;False
-0,1465413;0;0;-0,9892046;False
0,4970949;-0,4970949;-0,5028884;0,5028884;False
-0,6783527;-0,6783527;0,1995936;0,1995936;False
-0,4736308;0;0;0,8807235;False
-0,2313975;-0,2313975;0,668173;0,668173;False
-0,561686;0;0;0,8273505;False
-0,1440333;0;0;-0,9895728;False
0,4970918;-0,4970918;-0,5028913;0,5028913;False
-0,6783552;-0,6783552;0,1995855;0,1995855;False
-0,4736466;0;0;0,880715;False
-0,2312094;-0,2312094;0,6682382;0,6682382;False
-0,5612198;0;0;0,8276668;False
-0,1431794;0;0;-0,9896967;False
0,4970769;-0,4970769;-0,5029062;0,5029062;False
-0,6783552;-0,6783552;0,1995855;0,1995855;False
-0,4736888;0;0;0,8806923;False
-0,2308529;-0,2308529;0,6683614;0,6683614;False
-0,5602677;0;0;0,8283116;False
-0,1414595;0;0;-0,9899441;False
0,4970738;-0,4970738;-0,5029092;0,5029092;False
-0,6783527;-0,6783527;0,1995936;0,1995936;False
-0,4736888;0;0;0,8806923;False
-0,2304685;-0,2304685;0,6684941;0,6684941;False
-0,5592899;0;0;0,8289721;False
-0,1396974;0;0;-0,9901943;False
0,4970587;-0,4970587;-0,502924;0,502924;False
-0,6783552;-0,6783552;0,1995855;0,1995855;False
-0,4737152;0;0;0,8806781;False
-0,2300636;-0,2300636;0,6686335;0,6686335;False
-0,5583013;0;0;0,8296382;False
-0,1379528;0;0;-0,9904389;False
0,4970618;-0,4970618;-0,5029211;0,5029211;False
-0,6783552;-0,6783552;0,1995855;0,1995855;False
-0,4737416;0;0;0,8806639;False
-0,2295027;-0,2295027;0,6688263;0,6688263;False
-0,5568743;0;0;0,8305967;False
-0,1353293;0;0;-0,9908007;False
0,4970527;-0,4970527;-0,5029301;0,5029301;False
-0,6783575;-0,6783575;0,1995774;0,1995774;False
-0,4737785;0;0;0,880644;False
-0,2291497;-0,2291497;0,6689472;0,6689472;False
-0,5558938;0;0;0,8312534;False
-0,1336489;0;0;-0,9910288;False
0,4970437;-0,4970437;-0,502939;0,502939;False
-0,6783587;-0,6783587;0,1995733;0,1995733;False
-0,4738104;0;0;0,8806269;False
-0,2285844;-0,2285844;0,6691406;0,6691406;False
-0,5544043;0;0;0,8322475;False
-0,1311009;0;0;-0,9913691;False
0,4970195;-0,4970195;-0,5029628;0,5029628;False
-0,6783587;-0,6783587;0,1995733;0,1995733;False
-0,473842;0;0;0,8806099;False
-0,2280108;-0,2280108;0,6693363;0,6693363;False
-0,5528828;0;0;0,833259;False
-0,1285224;0;0;-0,9917067;False
0,4970195;-0,4970195;-0,5029628;0,5029628;False
-0,6783611;-0,6783611;0,1995653;0,1995653;False
-0,4738526;0;0;0,8806042;False
-0,2276899;-0,2276899;0,6694456;0,6694456;False
-0,5518793;0;0;0,833924;False
-0,1267931;0;0;-0,9919292;False
0,4970285;-0,4970285;-0,5029539;0,5029539;False
-0,6783575;-0,6783575;0,1995774;0,1995774;False
-0,4738842;0;0;0,8805872;False
-0,2273206;-0,2273206;0,669571;0,669571;False
-0,5508649;0;0;0,8345944;False
-0,1249918;0;0;-0,9921578;False
0,4970106;-0,4970106;-0,5029717;0,5029717;False
-0,6783575;-0,6783575;0,1995774;0,1995774;False
-0,4739265;0;0;0,8805645;False
-0,2268511;-0,2268511;0,6697302;0,6697302;False
-0,5492741;0;0;0,8356423;False
-0,1223577;0;0;-0,9924861;False
0,4969954;-0,4969954;-0,5029867;0,5029867;False
-0,6783563;-0,6783563;0,1995814;0,1995814;False
-0,4739476;0;0;0,8805531;False
-0,2266905;-0,2266905;0,6697847;0,6697847;False
-0,5487334;0;0;0,8359974;False
-0,1214832;0;0;-0,9925935;False
0,4970045;-0,4970045;-0,5029777;0,5029777;False
-0,6783575;-0,6783575;0,1995774;0,1995774;False
-0,473974;0;0;0,8805389;False
-0,2261968;-0,2261968;0,6699515;0,6699515;False
-0,5471553;0;0;0,8370311;False
-0,1188779;0;0;-0,9929088;False
0,4969925;-0,4969925;-0,5029896;0,5029896;False
-0,6783587;-0,6783587;0,1995733;0,1995733;False
-0,4739898;0;0;0,8805304;False
-0,2260403;-0,2260403;0,6700044;0,6700044;False
-0,5466337;0;0;0,8373718;False
-0,1180328;0;0;-0,9930097;False
0,4969804;-0,4969804;-0,5030016;0,5030016;False
-0,6783634;-0,6783634;0,1995571;0,1995571;False
-0,4740161;0;0;0,8805162;False
-0,2257069;-0,2257069;0,6701167;0,6701167;False
-0,54558;0;0;0,8380588;False
-0,1163015;0;0;-0,993214;False
0,4969684;-0,4969684;-0,5030134;0,5030134;False
-0,6783587;-0,6783587;0,1995733;0,1995733;False
-0,4740637;0;0;0,8804905;False
-0,2252208;-0,2252208;0,6702803;0,6702803;False
-0,5439526;0;0;0,8391159;False
-0,1136941;0;0;-0,9935158;False
0,4969684;-0,4969684;-0,5030134;0,5030134;False
-0,6783575;-0,6783575;0,1995774;0,1995774;False
-0,4740637;0;0;0,8804905;False
-0,225048;-0,225048;0,6703383;0,6703383;False
-0,5433946;0;0;0,8394774;False
-0,1128312;0;0;-0,9936142;False
0,4969684;-0,4969684;-0,5030134;0,5030134;False
-0,6783587;-0,6783587;0,1995733;0,1995733;False
-0,4740847;0;0;0,8804792;False
-0,2245859;-0,2245859;0,6704932;0,6704932;False
-0,5417494;0;0;0,8405401;False
-0,1101574;0;0;-0,9939142;False
0,4969533;-0,4969533;-0,5030283;0,5030283;False
-0,6783563;-0,6783563;0,1995814;0,1995814;False
-0,4741006;0;0;0,8804708;False
-0,2244212;-0,2244212;0,6705484;0,6705484;False
-0,5412208;0;0;0,8408805;False
-0,1092522;0;0;-0,9940141;False
0,4969502;-0,4969502;-0,5030313;0,5030313;False
-0,6783599;-0,6783599;0,1995692;0,1995692;False
-0,4741217;0;0;0,8804594;False
-0,2241117;-0,2241117;0,6706519;0,6706519;False
-0,5400717;0;0;0,841619;False
-0,1074356;0;0;-0,9942121;False
0,4969321;-0,4969321;-0,5030492;0,5030492;False
-0,6783575;-0,6783575;0,1995774;0,1995774;False
-0,4741481;0;0;0,8804451;False
-0,2236655;-0,2236655;0,6708008;0,6708008;False
-0,5383618;0;0;0,8427138;False
-0,1047544;0;0;-0,9944982;False
0,4969321;-0,4969321;-0,5030492;0,5030492;False
-0,6783575;-0,6783575;0,1995774;0,1995774;False
-0,4741586;0;0;0,8804395;False
-0,2233841;-0,2233841;0,6708946;0,6708946;False
-0,5372258;0;0;0,8434385;False
-0,1029903;0;0;-0,9946824;False
0,4969262;-0,4969262;-0,5030551;0,5030551;False
-0,6783623;-0,6783623;0,1995612;0,1995612;False
-0,4741744;0;0;0,8804309;False
-0,2231067;-0,2231067;0,6709869;0,6709869;False
-0,5360734;0;0;0,8441714;False
-0,1012619;0;0;-0,9948599;False
0,4969201;-0,4969201;-0,5030611;0,5030611;False
-0,6783563;-0,6783563;0,1995814;0,1995814;False
-0,4741955;0;0;0,8804196;False
-0,2228491;-0,2228491;0,6710725;0,6710725;False
-0,534915;0;0;0,8449059;False
-0,09945545;0;0;-0,9950421;False
0,496908;-0,496908;-0,503073;0,503073;False
-0,6783563;-0,6783563;0,1995814;0,1995814;False
-0,4742588;0;0;0,8803855;False
-0,222471;-0,222471;0,671198;0,671198;False
-0,533168;0;0;0,8460094;False
-0,09682573;0;0;-0,9953014;False
0,496914;-0,496914;-0,5030671;0,5030671;False
-0,6783575;-0,6783575;0,1995774;0,1995774;False
-0,4742641;0;0;0,8803826;False
-0,2223303;-0,2223303;0,6712446;0,6712446;False
-0,5325798;0;0;0,8463798;False
-0,09590133;0;0;-0,9953909;False
0,496902;-0,496902;-0,5030789;0,5030789;False
-0,6783587;-0,6783587;0,1995733;0,1995733;False
-0,4742799;0;0;0,8803741;False
-0,2218876;-0,2218876;0,6713911;0,6713911;False
-0,5308197;0;0;0,8474848;False
-0,09320518;0;0;-0,9956469;False
0,4968929;-0,4968929;-0,5030879;0,5030879;False
-0,6783587;-0,6783587;0,1995733;0,1995733;False
-0,4743063;0;0;0,8803599;False
-0,2217428;-0,2217428;0,6714389;0,6714389;False
-0,5302255;0;0;0,8478566;False
-0,09225061;0;0;-0,9957359;False
0,4968929;-0,4968929;-0,5030879;0,5030879;False
-0,6783575;-0,6783575;0,1995774;0,1995774;False
-0,4743222;0;0;0,8803514;False
-0,2214732;-0,2214732;0,6715279;0,6715279;False
-0,5290064;0;0;0,8486179;False
-0,09043676;0;0;-0,9959022;False
0,4968628;-0,4968628;-0,5031177;0,5031177;False
-0,6783587;-0,6783587;0,1995733;0,1995733;False
-0,4743749;0;0;0,880323;False
-0,2210706;-0,2210706;0,6716605;0,6716605;False
-0,5271549;0;0;0,8497692;False
-0,08771531;0;0;-0,9961457;False
0,4968718;-0,4968718;-0,5031088;0,5031088;False
-0,6783611;-0,6783611;0,1995653;0,1995653;False
-0,4744171;0;0;0,8803002;False
-0,2208049;-0,2208049;0,6717479;0,6717479;False
-0,5259481;0;0;0,8505167;False
-0,08595438;0;0;-0,9962991;False
0,4968658;-0,4968658;-0,5031147;0,5031147;False
-0,6783575;-0,6783575;0,1995774;0,1995774;False
-0,4744118;0;0;0,880303;False
-0,2205634;-0,2205634;0,6718272;0,6718272;False
-0,5247197;0;0;0,8512751;False
-0,08412161;0;0;-0,9964556;False
0,4968688;-0,4968688;-0,5031117;0,5031117;False
-0,6783563;-0,6783563;0,1995814;0,1995814;False
-0,4744171;0;0;0,8803002;False
-0,2204466;-0,2204466;0,6718655;0,6718655;False
-0,5240823;0;0;0,8516677;False
-0,08321996;0;0;-0,9965312;False
0,4968779;-0,4968779;-0,5031027;0,5031027;False
-0,6783634;-0,6783634;0,1995571;0,1995571;False
-0,4744645;0;0;0,8802746;False
-0,2201043;-0,2201043;0,6719778;0,6719778;False
-0,5221832;0;0;0,8528333;False
-0,08050305;0;0;-0,9967543;False
0,4968417;-0,4968417;-0,5031385;0,5031385;False
-0,6783587;-0,6783587;0,1995733;0,1995733;False
-0,4744645;0;0;0,8802746;False
-0,2199997;-0,2199997;0,672012;0,672012;False
-0,5215243;0;0;0,8532364;False
-0,07959496;0;0;-0,9968274;False
0,4968417;-0,4968417;-0,5031385;0,5031385;False
-0,6783623;-0,6783623;0,1995612;0,1995612;False
-0,4745173;0;0;0,8802462;False
-0,2196492;-0,2196492;0,6721267;0,6721267;False
-0,5196268;0;0;0,8543934;False
-0,07682355;0;0;-0,9970447;False
0,4968417;-0,4968417;-0,5031385;0,5031385;False
-0,6783599;-0,6783599;0,1995692;0,1995692;False
-0,4745068;0;0;0,8802519;False
-0,2195484;-0,2195484;0,6721596;0,6721596;False
-0,5189769;0;0;0,8547883;False
-0,07586771;0;0;-0,9971179;False
0,4968447;-0,4968447;-0,5031356;0,5031356;False
-0,6783599;-0,6783599;0,1995692;0,1995692;False
-0,4745542;0;0;0,8802263;False
-0,2192382;-0,2192382;0,6722609;0,6722609;False
-0,517025;0;0;0,8559703;False
-0,07304741;0;0;-0,9973285;False
0,4968387;-0,4968387;-0,5031415;0,5031415;False
-0,6783587;-0,6783587;0,1995733;0,1995733;False
-0,4745859;0;0;0,8802092;False
-0,2190206;-0,2190206;0,6723318;0,6723318;False
-0,5156913;0;0;0,8567745;False
-0,07126059;0;0;-0,9974578;False
0,4968387;-0,4968387;-0,5031415;0,5031415;False
-0,6783587;-0,6783587;0,1995733;0,1995733;False
-0,4745806;0;0;0,8802121;False
-0,2188111;-0,2188111;0,6723999;0,6723999;False
-0,5143822;0;0;0,8575611;False
-0,06944381;0;0;-0,9975859;False
0,4968206;-0,4968206;-0,5031593;0,5031593;False
-0,6783575;-0,6783575;0,1995774;0,1995774;False
-0,4746335;0;0;0,8801835;False
-0,2186136;-0,2186136;0,6724642;0,6724642;False
-0,5130616;0;0;0,8583518;False
-0,06761447;0;0;-0,9977116;False
0,4968086;-0,4968086;-0,5031712;0,5031712;False
-0,6783623;-0,6783623;0,1995612;0,1995612;False
-0,4746704;0;0;0,8801636;False
-0,2183234;-0,2183234;0,6725585;0,6725585;False
-0,51105;0;0;0,859551;False
-0,06482872;0;0;-0,9978964;False
0,4968056;-0,4968056;-0,5031742;0,5031742;False
-0,6783599;-0,6783599;0,1995692;0,1995692;False
-0,4746757;0;0;0,8801608;False
-0,2182145;-0,2182145;0,6725938;0,6725938;False
-0,5103601;0;0;0,8599608;False
-0,06391389;0;0;-0,9979554;False
0,4968116;-0,4968116;-0,5031682;0,5031682;False
-0,6783611;-0,6783611;0,1995653;0,1995653;False
-0,4747179;0;0;0,880138;False
-0,2179445;-0,2179445;0,6726814;0,6726814;False
-0,5083242;0;0;0,8611658;False
-0,06109152;0;0;-0,9981322;False
0,4968086;-0,4968086;-0,5031712;0,5031712;False
-0,6783634;-0,6783634;0,1995571;0,1995571;False
-0,4747073;0;0;0,8801437;False
-0,2178476;-0,2178476;0,6727127;0,6727127;False
-0,5076224;0;0;0,8615797;False
-0,06014035;0;0;-0,99819;False
0,4968056;-0,4968056;-0,5031742;0,5031742;False
-0,6783575;-0,6783575;0,1995774;0,1995774;False
-0,474739;0;0;0,8801267;False
-0,2175897;-0,2175897;0,6727962;0,6727962;False
-0,5055465;0;0;0,8627993;False
-0,05731112;0;0;-0,9983564;False
0,4968024;-0,4968024;-0,5031772;0,5031772;False
-0,6783587;-0,6783587;0,1995733;0,1995733;False
-0,4747653;0;0;0,8801124;False
-0,2174928;-0,2174928;0,6728275;0,6728275;False
-0,5048333;0;0;0,8632168;False
-0,05640812;0;0;-0,9984078;False
0,4967995;-0,4967995;-0,5031802;0,5031802;False
-0,6783599;-0,6783599;0,1995692;0,1995692;False
-0,4748128;0;0;0,8800868;False
-0,2172346;-0,2172346;0,6729109;0,6729109;False
-0,5027536;0;0;0,8644298;False
-0,05362635;0;0;-0,9985611;False
0,4967752;-0,4967752;-0,5032042;0,5032042;False
-0,6783599;-0,6783599;0,1995692;0,1995692;False
-0,4748234;0;0;0,8800811;False
-0,2170692;-0,2170692;0,6729643;0,6729643;False
-0,5013396;0;0;0,8652506;False
-0,05175355;0;0;-0,99866;False
0,4967784;-0,4967784;-0,5032011;0,5032011;False
-0,6783587;-0,6783587;0,1995733;0,1995733;False
-0,4748445;0;0;0,8800697;False
-0,2169202;-0,2169202;0,6730124;0,6730124;False
-0,4998983;0;0;0,8660841;False
-0,04991051;0;0;-0,9987537;False
0,4967844;-0,4967844;-0,5031951;0,5031951;False
-0,6783599;-0,6783599;0,1995692;0,1995692;False
-0,4748708;0;0;0,8800555;False
-0,2167023;-0,2167023;0,6730826;0,6730826;False
-0,4977385;0;0;0,8673272;False
-0,04706791;0;0;-0,9988917;False
0,4967784;-0,4967784;-0,5032011;0,5032011;False
-0,6783599;-0,6783599;0,1995692;0,1995692;False
-0,4748972;0;0;0,8800413;False
-0,2164843;-0,2164843;0,6731527;0,6731527;False
-0,4954876;0;0;0,868615;False
-0,04421892;0;0;-0,9990219;False
0,4967813;-0,4967813;-0,5031981;0,5031981;False
-0,6783599;-0,6783599;0,1995692;0,1995692;False
-0,4749183;0;0;0,8800299;False
-0,2162948;-0,2162948;0,6732137;0,6732137;False
-0,4932907;0;0;0,8698646;False
-0,04135769;0;0;-0,9991445;False
0,4967542;-0,4967542;-0,5032248;0,5032248;False
-0,6783575;-0,6783575;0,1995774;0,1995774;False
-0,4749499;0;0;0,8800129;False
-0,2162222;-0,2162222;0,673237;0,673237;False
-0,4925665;0;0;0,8702748;False
-0,04044197;0;0;-0,9991819;False
0,4967421;-0,4967421;-0,5032368;0,5032368;False
-0,6783587;-0,6783587;0,1995733;0,1995733;False
-0,4749921;0;0;0,87999;False
-0,216085;-0,216085;0,673281;0,673281;False
-0,4905793;0;0;0,8713965;False
-0,03802915;0;0;-0,9992767;False
0,4967451;-0,4967451;-0,5032339;0,5032339;False
-0,6783563;-0,6783563;0,1995814;0,1995814;False
-0,4750132;0;0;0,8799787;False
-0,2159962;-0,2159962;0,6733095;0,6733095;False
-0,4897127;0;0;0,8718839;False
-0,03694534;0;0;-0,9993173;False
0,4967451;-0,4967451;-0,5032339;0,5032339;False
-0,6783623;-0,6783623;0,1995612;0,1995612;False
-0,4750026;0;0;0,8799844;False
-0,215964;-0,215964;0,6733198;0,6733198;False
-0,4891851;0;0;0,87218;False
-0,03627457;0;0;-0,9993419;False
0,4967481;-0,4967481;-0,5032309;0,5032309;False
-0,6783587;-0,6783587;0,1995733;0,1995733;False
-0,4750132;0;0;0,8799787;False
-0,215964;-0,215964;0,6733198;0,6733198;False
-0,4890705;0;0;0,8722442;False
-0,03610708;0;0;-0,999348;False
0,4967511;-0,4967511;-0,5032279;0,5032279;False
-0,6783599;-0,6783599;0,1995692;0,1995692;False
-0,4750132;0;0;0,8799787;False
-0,215968;-0,215968;0,6733186;0,6733186;False
-0,4891017;0;0;0,8722268;False
-0,03614906;0;0;-0,9993465;False
0,4967421;-0,4967421;-0,5032368;0,5032368;False
-0,6783587;-0,6783587;0,1995733;0,1995733;False
-0,4749921;0;0;0,87999;False
-0,2159599;-0,2159599;0,6733211;0,6733211;False
-0,4891487;0;0;0,8722004;False
-0,03611897;0;0;-0,9993476;False
0,4967481;-0,4967481;-0,5032309;0,5032309;False
-0,6783611;-0,6783611;0,1995653;0,1995653;False
-0,4750132;0;0;0,8799787;False
-0,2159882;-0,2159882;0,6733121;0,6733121;False
-0,4891799;0;0;0,872183;False
-0,03611311;0;0;-0,9993477;False
0,4967511;-0,4967511;-0,5032279;0,5032279;False
-0,6783563;-0,6783563;0,1995814;0,1995814;False
-0,4750079;0;0;0,8799815;False
-0,2159802;-0,2159802;0,6733146;0,6733146;False
-0,4891643;0;0;0,8721917;False
-0,03614906;0;0;-0,9993465;False
0,4967542;-0,4967542;-0,5032248;0,5032248;False
-0,6783611;-0,6783611;0,1995653;0,1995653;False
-0,4750079;0;0;0,8799815;False
-0,2159882;-0,2159882;0,6733121;0,6733121;False
-0,4891643;0;0;0,8721917;False
-0,03617287;0;0;-0,9993456;False
0,4967542;-0,4967542;-0,5032248;0,5032248;False
-0,6783599;-0,6783599;0,1995692;0,1995692;False
-0,4750185;0;0;0,8799759;False
-0,2160002;-0,2160002;0,6733082;0,6733082;False
-0,4891694;0;0;0,8721887;False
-0,03620288;0;0;-0,9993445;False
0,4967451;-0,4967451;-0,5032339;0,5032339;False
-0,6783599;-0,6783599;0,1995692;0,1995692;False
-0,4750501;0;0;0,8799588;False
-0,2160285;-0,2160285;0,6732991;0,6732991;False
-0,4891799;0;0;0,872183;False
-0,03619689;0;0;-0,9993448;False
0,4967481;-0,4967481;-0,5032309;0,5032309;False
-0,6783575;-0,6783575;0,1995774;0,1995774;False
-0,4750343;0;0;0,8799673;False
-0,2160164;-0,2160164;0,673303;0,673303;False
-0,4891799;0;0;0,872183;False
-0,03619689;0;0;-0,9993448;False
0,4967481;-0,4967481;-0,5032309;0,5032309;False
-0,6783634;-0,6783634;0,1995571;0,1995571;False
-0,4750395;0;0;0,8799645;False
-0,2160042;-0,2160042;0,6733069;0,6733069;False
-0,4891903;0;0;0,8721771;False
-0,03626871;0;0;-0,9993421;False
0,4967481;-0,4967481;-0,5032309;0,5032309;False
-0,6783587;-0,6783587;0,1995733;0,1995733;False
-0,475029;0;0;0,8799701;False
-0,2159962;-0,2159962;0,6733095;0,6733095;False
-0,4892007;0;0;0,8721713;False
-0,03628675;0;0;-0,9993415;False
0,4967511;-0,4967511;-0,5032279;0,5032279;False
-0,6783587;-0,6783587;0,1995733;0,1995733;False
-0,4750237;0;0;0,879973;False
-0,2159842;-0,2159842;0,6733134;0,6733134;False
-0,4891799;0;0;0,872183;False
-0,03626871;0;0;-0,9993421;False
0,4967511;-0,4967511;-0,5032279;0,5032279;False
-0,6783575;-0,6783575;0,1995774;0,1995774;False
-0,4750395;0;0;0,8799645;False
-0,215972;-0,215972;0,6733173;0,6733173;False
-0,4891954;0;0;0,8721742;False
-0,03626871;0;0;-0,9993421;False
0,4967542;-0,4967542;-0,5032248;0,5032248;False
-0,6783587;-0,6783587;0,1995733;0,1995733;False
-0,4750343;0;0;0,8799673;False
-0,215968;-0,215968;0,6733186;0,6733186;False
-0,4891851;0;0;0,87218;False
-0,03628056;0;0;-0,9993417;False
0,4967481;-0,4967481;-0,5032309;0,5032309;False
-0,6783552;-0,6783552;0,1995855;0,1995855;False
-0,4750448;0;0;0,8799616;False
-0,2159882;-0,2159882;0,6733121;0,6733121;False
-0,4891747;0;0;0,8721859;False
-0,03627457;0;0;-0,9993419;False
0,4967451;-0,4967451;-0,5032339;0,5032339;False
-0,6783599;-0,6783599;0,1995692;0,1995692;False
-0,4750343;0;0;0,8799673;False
-0,2160164;-0,2160164;0,673303;0,673303;False
-0,4891851;0;0;0,87218;False
-0,03628056;0;0;-0,9993417;False
0,4967481;-0,4967481;-0,5032309;0,5032309;False
-0,6783587;-0,6783587;0,1995733;0,1995733;False
-0,4750079;0;0;0,8799815;False
-0,2160083;-0,2160083;0,6733056;0,6733056;False
-0,4892007;0;0;0,8721713;False
-0,0362986;0;0;-0,9993411;False
0,4967542;-0,4967542;-0,5032248;0,5032248;False
-0,6783611;-0,6783611;0,1995653;0,1995653;False
-0,4750448;0;0;0,8799616;False
-0,2160204;-0,2160204;0,6733017;0,6733017;False
-0,4892007;0;0;0,8721713;False
-0,03626871;0;0;-0,9993421;False
0,4967481;-0,4967481;-0,5032309;0,5032309;False
-0,6783599;-0,6783599;0,1995692;0,1995692;False
-0,4750501;0;0;0,8799588;False
-0,2160083;-0,2160083;0,6733056;0,6733056;False
-0,4891851;0;0;0,87218;False
-0,03625675;0;0;-0,9993426;False
0,4967481;-0,4967481;-0,5032309;0,5032309;False
-0,6783599;-0,6783599;0,1995692;0,1995692;False
-0,4750448;0;0;0,8799616;False
-0,2160124;-0,2160124;0,6733043;0,6733043;False
-0,4891903;0;0;0,8721771;False
-0,03626269;0;0;-0,9993423;False
0,4967481;-0,4967481;-0,5032309;0,5032309;False
-0,6783587;-0,6783587;0,1995733;0,1995733;False
-0,4750343;0;0;0,8799673;False
-0,2160124;-0,2160124;0,6733043;0,6733043;False
-0,4891954;0;0;0,8721742;False
-0,03626269;0;0;-0,9993423;False
0,4967542;-0,4967542;-0,5032248;0,5032248;False
-0,6783599;-0,6783599;0,1995692;0,1995692;False
-0,4750237;0;0;0,879973;True
-0,2159962;-0,2159962;0,6733095;0,6733095;True
-0,4892217;0;0;0,8721595;True
-0,03620878;0;0;-0,9993442;True
0,4967361;-0,4967361;-0,5032427;0,5032427;True
-0,6783611;-0,6783611;0,1995653;0,1995653;True
-0,4750343;0;0;0,8799673;True
-0,2160002;-0,2160002;0,6733082;0,6733082;True
-0,4892164;0;0;0,8721624;True
-0,03626269;0;0;-0,9993423;True
0,4967481;-0,4967481;-0,5032309;0,5032309;True
-0,6783599;-0,6783599;0,1995692;0,1995692;True
-0,4750395;0;0;0,8799645;True
-0,2159962;-0,2159962;0,6733095;0,6733095;True
-0,4892217;0;0;0,8721595;True
-0,03623888;0;0;-0,9993432;True
0,4967451;-0,4967451;-0,5032339;0,5032339;True
-0,6783587;-0,6783587;0,1995733;0,1995733;True
