-0,4336684;0;0;0,9010725;
-0,1562687;-0,1562687;0,6896232;0,6896232;
-0,7745586;0;0;0,6325022;
-0,3178825;0;0;-0,9481302;
0,4975953;-0,4975953;-0,5023933;0,5023933;
-0,6692419;-0,6692419;0,2282877;0,2282877;
-0,4336684;0;0;0,9010725;
-0,1562812;-0,1562812;0,6896203;0,6896203;
-0,7745471;0;0;0,6325163;
-0,317871;0;0;-0,9481339;
0,4975953;-0,4975953;-0,5023933;0,5023933;
-0,6692406;-0,6692406;0,2282917;0,2282917;
-0,4336738;0;0;0,9010699;
-0,1562769;-0,1562769;0,6896213;0,6896213;
-0,774551;0;0;0,6325114;
-0,3178541;0;0;-0,9481397;
0,4976102;-0,4976102;-0,5023785;0,5023785;
-0,6692392;-0,6692392;0,2282958;0,2282958;
-0,4336523;0;0;0,9010803;
-0,1562851;-0,1562851;0,6896194;0,6896194;
-0,774551;0;0;0,6325114;
-0,3178767;0;0;-0,9481322;
0,4975982;-0,4975982;-0,5023904;0,5023904;
-0,6692419;-0,6692419;0,2282877;0,2282877;
-0,433663;0;0;0,9010751;
-0,1562894;-0,1562894;0,6896185;0,6896185;
-0,7745586;0;0;0,6325022;
-0,3178825;0;0;-0,9481302;
0,4976012;-0,4976012;-0,5023874;0,5023874;
-0,6692392;-0,6692392;0,2282958;0,2282958;
-0,4336576;0;0;0,9010777;
-0,1562812;-0,1562812;0,6896203;0,6896203;
-0,7745586;0;0;0,6325022;
-0,3179052;0;0;-0,9481226;
0,4975982;-0,4975982;-0,5023904;0,5023904;
-0,6692378;-0,6692378;0,2282998;0,2282998;
-0,433663;0;0;0,9010751;
-0,1562812;-0,1562812;0,6896203;0,6896203;
-0,7745661;0;0;0,632493;
-0,3179336;0;0;-0,948113;
0,4975922;-0,4975922;-0,5023963;0,5023963;
-0,6692365;-0,6692365;0,2283037;0,2283037;
-0,4336684;0;0;0,9010725;
-0,1563102;-0,1563102;0,6896138;0,6896138;
-0,7745774;0;0;0,6324792;
-0,3179677;0;0;-0,9481016;
0,4975922;-0,4975922;-0,5023963;0,5023963;
-0,6692378;-0,6692378;0,2282998;0,2282998;
-0,4336738;0;0;0,9010699;
-0,1563017;-0,1563017;0,6896157;0,6896157;
-0,7745698;0;0;0,6324884;
-0,3180245;0;0;-0,9480826;
0,4976012;-0,4976012;-0,5023874;0,5023874;
-0,6692378;-0,6692378;0,2282998;0,2282998;
-0,4336684;0;0;0,9010725;
-0,1563473;-0,1563473;0,6896054;0,6896054;
-0,7746078;0;0;0,6324418;
-0,3182122;0;0;-0,9480196;
0,4976012;-0,4976012;-0,5023874;0,5023874;
-0,6692433;-0,6692433;0,2282838;0,2282838;
-0,4336684;0;0;0,9010725;
-0,1563845;-0,1563845;0,689597;0,689597;
-0,7746192;0;0;0,632428;
-0,3182745;0;0;-0,9479986;
0,4975953;-0,4975953;-0,5023933;0,5023933;
-0,6692406;-0,6692406;0,2282917;0,2282917;
-0,4336738;0;0;0,9010699;
-0,1564507;-0,1564507;0,6895819;0,6895819;
-0,7746798;0;0;0,6323537;
-0,3184562;0;0;-0,9479377;
0,4975953;-0,4975953;-0,5023933;0,5023933;
-0,6692378;-0,6692378;0,2282998;0,2282998;
-0,4336792;0;0;0,9010673;
-0,1566449;-0,1566449;0,6895378;0,6895378;
-0,7748086;0;0;0,6321958;
-0,3188766;0;0;-0,9477963;
0,4975953;-0,4975953;-0,5023933;0,5023933;
-0,6692378;-0,6692378;0,2282998;0,2282998;
-0,433663;0;0;0,9010751;
-0,1567358;-0,1567358;0,6895171;0,6895171;
-0,7748655;0;0;0,6321262;
-0,3191152;0;0;-0,947716;
0,4976012;-0,4976012;-0,5023874;0,5023874;
-0,6692351;-0,6692351;0,2283077;0,2283077;
-0,4336576;0;0;0,9010777;
-0,1569672;-0,1569672;0,6894645;0,6894645;
-0,7750018;0;0;0,631959;
-0,319649;0;0;-0,9475361;
0,4975982;-0,4975982;-0,5023904;0,5023904;
-0,6692351;-0,6692351;0,2283077;0,2283077;
-0,4336684;0;0;0,9010725;
-0,1572483;-0,1572483;0,6894005;0,6894005;
-0,7751647;0;0;0,6317592;
-0,3203077;0;0;-0,9473136;
0,4976042;-0,4976042;-0,5023844;0,5023844;
-0,6692365;-0,6692365;0,2283037;0,2283037;
-0,4336415;0;0;0,9010855;
-0,1578681;-0,1578681;0,6892588;0,6892588;
-0,7755053;0;0;0,6313412;
-0,3216587;0;0;-0,9468557;
0,4976042;-0,4976042;-0,5023844;0,5023844;
-0,6692337;-0,6692337;0,2283118;0,2283118;
-0,4336198;0;0;0,9010959;
-0,1586364;-0,1586364;0,6890824;0,6890824;
-0,7759554;0;0;0,6307879;
-0,3233438;0;0;-0,9462816;
0,4976012;-0,4976012;-0,5023874;0,5023874;
-0,6692159;-0,6692159;0,2283639;0,2283639;
-0,4335767;0;0;0,9011167;
-0,1589257;-0,1589257;0,6890157;0,6890157;
-0,7761103;0;0;0,6305972;
-0,3239335;0;0;-0,9460799;
0,4976012;-0,4976012;-0,5023874;0,5023874;
-0,6692159;-0,6692159;0,2283639;0,2283639;
-0,4335712;0;0;0,9011193;
-0,1597968;-0,1597968;0,6888142;0,6888142;
-0,7765747;0;0;0,6300251;
-0,3257927;0;0;-0,9454413;
0,4976313;-0,4976313;-0,5023576;0,5023576;
-0,6692173;-0,6692173;0,22836;0,22836;
-0,4335497;0;0;0,9011297;
-0,1600984;-0,1600984;0,6887442;0,6887442;
-0,7767372;0;0;0,6298249;
-0,3264672;0;0;-0,9452085;
0,4976342;-0,4976342;-0,5023547;0,5023547;
-0,6692145;-0,6692145;0,2283679;0,2283679;
-0,4335172;0;0;0,9011453;
-0,1610807;-0,1610807;0,6885151;0,6885151;
-0,7772541;0;0;0,6291869;
-0,3285001;0;0;-0,944504;
0,4976374;-0,4976374;-0,5023516;0,5023516;
-0,6692105;-0,6692105;0,2283799;0,2283799;
-0,4335119;0;0;0,9011478;
-0,1614315;-0,1614315;0,6884329;0,6884329;
-0,7774348;0;0;0,6289635;
-0,329219;0;0;-0,9442536;
0,4976553;-0,4976553;-0,5023338;0,5023338;
-0,6691967;-0,6691967;0,2284202;0,2284202;
-0,4334739;0;0;0,9011661;
-0,162137;-0,162137;0,6882671;0,6882671;
-0,7777928;0;0;0,6285208;
-0,3307239;0;0;-0,9437276;
0,4976523;-0,4976523;-0,5023367;0,5023367;
-0,6691967;-0,6691967;0,2284202;0,2284202;
-0,4334037;0;0;0,9011999;
-0,1628796;-0,1628796;0,6880918;0,6880918;
-0,7781656;0;0;0,6280591;
-0,3323073;0;0;-0,9431711;
0,4976644;-0,4976644;-0,5023248;0,5023248;
-0,6691954;-0,6691954;0,228424;0,228424;
-0,4333983;0;0;0,9012025;
-0,1637004;-0,1637004;0,6878969;0,6878969;
-0,7785344;0;0;0,627602;
-0,3339745;0;0;-0,9425822;
0,4976885;-0,4976885;-0,5023009;0,5023009;
-0,6691872;-0,6691872;0,2284481;0,2284481;
-0,4333335;0;0;0,9012337;
-0,1649578;-0,1649578;0,6875965;0,6875965;
-0,7791432;0;0;0,6268461;
-0,3366736;0;0;-0,9416214;
0,4976915;-0,4976915;-0,5022979;0,5022979;
-0,6691858;-0,6691858;0,2284521;0,2284521;
-0,4330688;0;0;0,9013609;
-0,1704384;-0,1704384;0,6862586;0,6862586;
-0,7817135;0;0;0,6236377;
-0,3480265;0;0;-0,9374847;
0,4977789;-0,4977789;-0,5022113;0,5022113;
-0,6691529;-0,6691529;0,2285486;0,2285486;
-0,433004;0;0;0,901392;
-0,1712895;-0,1712895;0,6860466;0,6860466;
-0,782087;0;0;0,6231692;
-0,3498017;0;0;-0,9368238;
0,4977909;-0,4977909;-0,5021995;0,5021995;
-0,6691461;-0,6691461;0,2285687;0,2285687;
-0,4329878;0;0;0,9013998;
-0,172153;-0,172153;0,6858304;0,6858304;
-0,782438;0;0;0,6227285;
-0,3516258;0;0;-0,9361406;
0,497812;-0,497812;-0,5021785;0,5021785;
-0,6691419;-0,6691419;0,2285807;0,2285807;
-0,43295;0;0;0,9014179;
-0,1726012;-0,1726012;0,6857178;0,6857178;
-0,7826172;0;0;0,6225033;
-0,352501;0;0;-0,9358115;
0,4978209;-0,4978209;-0,5021697;0,5021697;
-0,6691392;-0,6691392;0,2285887;0,2285887;
-0,432896;0;0;0,9014439;
-0,1739407;-0,1739407;0,6853792;0,6853792;
-0,7831466;0;0;0,6218372;
-0,3551359;0;0;-0,9348147;
0,4978481;-0,4978481;-0,5021427;0,5021427;
-0,6691297;-0,6691297;0,2286166;0,2286166;
-0,4328637;0;0;0,9014595;
-0,1743843;-0,1743843;0,6852665;0,6852665;
-0,7833218;0;0;0,6216164;
-0,3559988;0;0;-0,9344865;
0,497836;-0,497836;-0,5021547;0,5021547;
-0,6691282;-0,6691282;0,2286207;0,2286207;
-0,432815;0;0;0,9014828;
-0,1757723;-0,1757723;0,6849117;0,6849117;
-0,7838504;0;0;0,6209497;
-0,3585123;0;0;-0,9335251;
0,4978811;-0,4978811;-0,5021099;0,5021099;
-0,6691269;-0,6691269;0,2286247;0,2286247;
-0,4327826;0;0;0,9014983;
-0,1762445;-0,1762445;0,6847904;0,6847904;
-0,7840289;0;0;0,6207243;
-0,3593794;0;0;-0,9331916;
0,4978782;-0,4978782;-0,5021129;0,5021129;
-0,6691173;-0,6691173;0,2286528;0,2286528;
-0,4327286;0;0;0,9015242;
-0,1776027;-0,1776027;0,6844394;0,6844394;
-0,7845383;0;0;0,6200804;
-0,3619343;0;0;-0,9322037;
0,4978993;-0,4978993;-0,502092;0,502092;
-0,6691173;-0,6691173;0,2286528;0,2286528;
-0,4326743;0;0;0,9015503;
-0,1788989;-0,1788989;0,6841018;0,6841018;
-0,7850248;0;0;0,6194643;
-0,3645423;0;0;-0,9311868;
0,4979052;-0,4979052;-0,502086;0,502086;
-0,6690995;-0,6690995;0,228705;0,228705;
-0,4326095;0;0;0,9015814;
-0,1801901;-0,1801901;0,6837628;0,6837628;
-0,7854925;0;0;0,6188712;
-0,3671695;0;0;-0,930154;
0,4979444;-0,4979444;-0,5020472;0,5020472;
-0,6691022;-0,6691022;0,2286969;0,2286969;
-0,4325825;0;0;0,9015943;
-0,1810795;-0,1810795;0,6835278;0,6835278;
-0,7858039;0;0;0,6184758;
-0,3689028;0;0;-0,9294679;
0,4979384;-0,4979384;-0,5020532;0,5020532;
-0,6690885;-0,6690885;0,2287371;0,2287371;
-0,4325339;0;0;0,9016177;
-0,1824392;-0,1824392;0,6831661;0,6831661;
-0,7862669;0;0;0,617887;
-0,3714364;0;0;-0,9284585;
0,4979774;-0,4979774;-0,5020145;0,5020145;
-0,6690857;-0,6690857;0,2287453;0,2287453;
-0,4324745;0;0;0,9016462;
-0,1833237;-0,1833237;0,6829293;0,6829293;
-0,7865519;0;0;0,6175241;
-0,3730998;0;0;-0,9277913;
0,4979804;-0,4979804;-0,5020115;0,5020115;
-0,6690748;-0,6690748;0,2287772;0,2287772;
-0,4324583;0;0;0,9016539;
-0,1842894;-0,1842894;0,6826694;0,6826694;
-0,7868592;0;0;0,6171327;
-0,3747675;0;0;-0,9271189;
0,4980014;-0,4980014;-0,5019906;0,5019906;
-0,6690748;-0,6690748;0,2287772;0,2287772;
-0,4324042;0;0;0,9016799;
-0,1852753;-0,1852753;0,6824024;0,6824024;
-0,7871659;0;0;0,6167412;
-0,376445;0;0;-0,926439;
0,4980105;-0,4980105;-0,5019816;0,5019816;
-0,6690638;-0,6690638;0,2288093;0,2288093;
-0,4323826;0;0;0,9016902;
-0,1857417;-0,1857417;0,6822756;0,6822756;
-0,7873136;0;0;0,6165529;
-0,377278;0;0;-0,9261;
0,4980286;-0,4980286;-0,5019637;0,5019637;
-0,6690596;-0,6690596;0,2288215;0,2288215;
-0,4323178;0;0;0,9017213;
-0,1871725;-0,1871725;0,6818845;0,6818845;
-0,7877458;0;0;0,6160005;
-0,3798298;0;0;-0,9250565;
0,4980465;-0,4980465;-0,5019459;0,5019459;
-0,6690446;-0,6690446;0,2288656;0,2288656;
-0,4323016;0;0;0,9017291;
-0,1876303;-0,1876303;0,6817587;0,6817587;
-0,787886;0;0;0,6158211;
-0,3806727;0;0;-0,9247099;
0,4980557;-0,4980557;-0,5019369;0,5019369;
-0,6690404;-0,6690404;0,2288776;0,2288776;
-0,4322529;0;0;0,9017524;
-0,1889865;-0,1889865;0,681384;0,681384;
-0,7882916;0;0;0,6153018;
-0,3832482;0;0;-0,9236454;
0,4980827;-0,4980827;-0,50191;0,50191;
-0,6690336;-0,6690336;0,2288975;0,2288975;
-0,4322043;0;0;0,9017757;
-0,1903543;-0,1903543;0,6810032;0,6810032;
-0,7887046;0;0;0,6147723;
-0,3857438;0;0;-0,9226059;
0,4981129;-0,4981129;-0,5018801;0,5018801;
-0,6690226;-0,6690226;0,2289297;0,2289297;
-0,4321773;0;0;0,9017887;
-0,1907911;-0,1907911;0,6808808;0,6808808;
-0,7888483;0;0;0,6145881;
-0,3865455;0;0;-0,9222704;
0,4981098;-0,4981098;-0,501883;0,501883;
-0,6690144;-0,6690144;0,2289538;0,2289538;
-0,4321233;0;0;0,9018146;
-0,1921661;-0,1921661;0,6804941;0,6804941;
-0,7892055;0;0;0,6141292;
-0,3890042;0;0;-0,921236;
0,4981369;-0,4981369;-0,5018562;0,5018562;
-0,6689979;-0,6689979;0,2290019;0,2290019;
-0,4320908;0;0;0,9018301;
-0,1926393;-0,1926393;0,6803603;0,6803603;
-0,7893304;0;0;0,6139687;
-0,3898158;0;0;-0,9208929;
0,4981429;-0,4981429;-0,5018502;0,5018502;
-0,669002;-0,669002;0,2289899;0,2289899;
-0,4320476;0;0;0,9018508;
-0,194123;-0,194123;0,6799384;0,6799384;
-0,789702;0;0;0,6134906;
-0,3923039;0;0;-0,9198357;
0,4981429;-0,4981429;-0,5018502;0,5018502;
-0,6689841;-0,6689841;0,2290422;0,2290422;
-0,4320152;0;0;0,9018664;
-0,1946204;-0,1946204;0,6797963;0,6797963;
-0,7898233;0;0;0,6133345;
-0,3931363;0;0;-0,9194803;
0,498149;-0,498149;-0,5018442;0,5018442;
-0,6689841;-0,6689841;0,2290422;0,2290422;
-0,4319557;0;0;0,9018948;
-0,1961071;-0,1961071;0,6793689;0,6793689;
-0,7901797;0;0;0,6128753;
-0,3956808;0;0;-0,9183882;
0,4981761;-0,4981761;-0,5018173;0,5018173;
-0,6689786;-0,6689786;0,2290582;0,2290582;
-0,4319233;0;0;0,9019104;
-0,1970881;-0,1970881;0,6790849;0,6790849;
-0,7903926;0;0;0,6126006;
-0,3973541;0;0;-0,9176654;
0,498179;-0,498179;-0,5018144;0,5018144;
-0,668969;-0,668969;0,2290863;0,2290863;
-0,4319233;0;0;0,9019104;
-0,1975929;-0,1975929;0,6789382;0,6789382;
-0,7905138;0;0;0,6124442;
-0,3981845;0;0;-0,9173054;
0,498212;-0,498212;-0,5017816;0,5017816;
-0,6689704;-0,6689704;0,2290822;0,2290822;
-0,4318367;0;0;0,9019518;
-0,1990166;-0,1990166;0,6785222;0,6785222;
-0,7908587;0;0;0,6119989;
-0,4005748;0;0;-0,916264;
0,4982151;-0,4982151;-0,5017785;0,5017785;
-0,6689621;-0,6689621;0,2291064;0,2291064;
-0,4317881;0;0;0,9019751;
-0,199952;-0,199952;0,6782472;0,6782472;
-0,7910713;0;0;0,611724;
-0,4022109;0;0;-0,915547;
0,4982512;-0,4982512;-0,5017428;0,5017428;
-0,6689539;-0,6689539;0,2291304;0,2291304;
-0,4317556;0;0;0,9019907;
-0,2008664;-0,2008664;0,677977;0,677977;
-0,7912913;0;0;0,6114393;
-0,4038019;0;0;-0,9148465;
0,4982451;-0,4982451;-0,5017487;0,5017487;
-0,6689484;-0,6689484;0,2291464;0,2291464;
-0,4317286;0;0;0,9020036;
-0,2013498;-0,2013498;0,6778335;0,6778335;
-0,7913901;0;0;0,6113116;
-0,4046187;0;0;-0,9144855;
0,4982572;-0,4982572;-0,5017368;0,5017368;
-0,6689457;-0,6689457;0,2291543;0,2291543;
-0,4316962;0;0;0,9020191;
-0,2028282;-0,2028282;0,6773926;0,6773926;
-0,7916905;0;0;0,6109225;
-0,4070292;0;0;-0,9134153;
0,4982993;-0,4982993;-0,501695;0,501695;
-0,6689402;-0,6689402;0,2291704;0,2291704;
-0,4316637;0;0;0,9020346;
-0,2038186;-0,2038186;0,6770953;0,6770953;
-0,7918917;0;0;0,6106616;
-0,4086711;0;0;-0,9126818;
0,4983473;-0,4983473;-0,5016472;0,5016472;
-0,6689264;-0,6689264;0,2292105;0,2292105;
-0,4316367;0;0;0,9020476;
-0,2047925;-0,2047925;0,6768013;0,6768013;
-0,7920858;0;0;0,6104099;
-0,4103064;0;0;-0,9119478;
0,4983624;-0,4983624;-0,5016323;0,5016323;
-0,6689278;-0,6689278;0,2292066;0,2292066;
-0,4315718;0;0;0,9020786;
-0,2058145;-0,2058145;0,6764913;0,6764913;
-0,7922614;0;0;0,6101819;
-0,4119455;0;0;-0,9112085;
0,4983924;-0,4983924;-0,5016025;0,5016025;
-0,6689154;-0,6689154;0,2292427;0,2292427;
-0,4315502;0;0;0,9020889;
-0,2068199;-0,2068199;0,6761845;0,6761845;
-0,792455;0;0;0,6099305;
-0,4135343;0;0;-0,9104886;
0,4984376;-0,4984376;-0,5015575;0,5015575;
-0,6689154;-0,6689154;0,2292427;0,2292427;
-0,4315015;0;0;0,9021122;
-0,2078207;-0,2078207;0,6758776;0,6758776;
-0,7926195;0;0;0,6097165;
-0,4150781;0;0;-0,9097857;
0,4984376;-0,4984376;-0,5015575;0,5015575;
-0,6689141;-0,6689141;0,2292467;0,2292467;
-0,4314583;0;0;0,9021329;
-0,2088251;-0,2088251;0,675568;0,675568;
-0,7927876;0;0;0,609498;
-0,4166372;0;0;-0,9090728;
0,4984587;-0,4984587;-0,5015367;0,5015367;
-0,6688893;-0,6688893;0,2293189;0,2293189;
-0,4314204;0;0;0,902151;
-0,2097643;-0,2097643;0,6752769;0,6752769;
-0,7929482;0;0;0,609289;
-0,418206;0;0;-0,9083522;
0,4984738;-0,4984738;-0,5015216;0,5015216;
-0,6688934;-0,6688934;0,2293069;0,2293069;
-0,4313934;0;0;0,9021639;
-0,2107597;-0,2107597;0,6749669;0,6749669;
-0,7931125;0;0;0,6090751;
-0,4197843;0;0;-0,9076238;
0,4984767;-0,4984767;-0,5015187;0,5015187;
-0,6688852;-0,6688852;0,229331;0,229331;
-0,4313502;0;0;0,9021845;
-0,2117424;-0,2117424;0,6746593;0,6746593;
-0,7932549;0;0;0,6088898;
-0,4213779;0;0;-0,9068852;
0,4984678;-0,4984678;-0,5015275;0,5015275;
-0,6688824;-0,6688824;0,229339;0,229339;
-0,4313177;0;0;0,9022001;
-0,2122196;-0,2122196;0,6745093;0,6745093;
-0,7933314;0;0;0,6087899;
-0,422177;0;0;-0,9065135;
0,4984798;-0,4984798;-0,5015157;0,5015157;
-0,668881;-0,668881;0,229343;0,229343;
-0,4312961;0;0;0,9022104;
-0,2132058;-0,2132058;0,6741983;0,6741983;
-0,7934775;0;0;0,6085997;
-0,4237899;0;0;-0,9057605;
0,4984948;-0,4984948;-0,5015007;0,5015007;
-0,6688659;-0,6688659;0,2293872;0,2293872;
-0,4312475;0;0;0,9022337;
-0,2142038;-0,2142038;0,6738818;0,6738818;
-0,793605;0;0;0,6084334;
-0,4253801;0;0;-0,9050149;
0,4985008;-0,4985008;-0,5014948;0,5014948;
-0,6688672;-0,6688672;0,2293833;0,2293833;
-0,4311934;0;0;0,9022595;
-0,2157539;-0,2157539;0,6733872;0,6733872;
-0,7938129;0;0;0,608162;
-0,4276737;0;0;-0,9039332;
0,4985008;-0,4985008;-0,5014948;0,5014948;
-0,6688426;-0,6688426;0,2294552;0,2294552;
-0,4311664;0;0;0,9022724;
-0,216783;-0,216783;0,6730566;0,6730566;
-0,7939513;0;0;0,6079814;
-0,429174;0;0;-0,9032219;
0,4985308;-0,4985308;-0,501465;0,501465;
-0,6688453;-0,6688453;0,2294472;0,2294472;
-0,4311123;0;0;0,9022983;
-0,2178073;-0,2178073;0,6727258;0,6727258;
-0,7940788;0;0;0,6078148;
-0,4307218;0;0;-0,9024848;
0,4985369;-0,4985369;-0,5014589;0,5014589;
-0,6688343;-0,6688343;0,2294793;0,2294793;
-0,431069;0;0;0,902319;
-0,2193792;-0,2193792;0,6722149;0,6722149;
-0,794268;0;0;0,6075675;
-0,432998;0;0;-0,9013948;
0,4985489;-0,4985489;-0,501447;0,501447;
-0,6688232;-0,6688232;0,2295115;0,2295115;
-0,431004;0;0;0,9023501;
-0,2208573;-0,2208573;0,6717306;0,6717306;
-0,7944502;0;0;0,6073293;
-0,435185;0;0;-0,9003411;
0,4985639;-0,4985639;-0,501432;0,501432;
-0,6688081;-0,6688081;0,2295555;0,2295555;
-0,4309716;0;0;0,9023655;
-0,2213444;-0,2213444;0,6715703;0,6715703;
-0,7944975;0;0;0,6072673;
-0,436005;0;0;-0,8999443;
0,4985699;-0,4985699;-0,501426;0,501426;
-0,6688081;-0,6688081;0,2295555;0,2295555;
-0,4309229;0;0;0,9023888;
-0,2228211;-0,2228211;0,6710818;0,6710818;
-0,7946539;0;0;0,6070628;
-0,4383611;0;0;-0,898799;
0,4985999;-0,4985999;-0,5013962;0,5013962;
-0,6687957;-0,6687957;0,2295917;0,2295917;
-0,4309067;0;0;0,9023965;
-0,2233439;-0,2233439;0,670908;0,670908;
-0,7947013;0;0;0,6070008;
-0,4391637;0;0;-0,8984071;
0,4985968;-0,4985968;-0,5013992;0,5013992;
-0,6687943;-0,6687943;0,2295958;0,2295958;
-0,430831;0;0;0,9024327;
-0,2248832;-0,2248832;0,6703936;0,6703936;
-0,7948577;0;0;0,6067959;
-0,4414349;0;0;-0,8972933;
0,4986179;-0,4986179;-0,5013783;0,5013783;
-0,6687792;-0,6687792;0,2296398;0,2296398;
-0,4307985;0;0;0,9024481;
-0,2258955;-0,2258955;0,6700532;0,6700532;
-0,7949412;0;0;0,6066865;
-0,4429027;0;0;-0,8965697;
0,498636;-0,498636;-0,5013604;0,5013604;
-0,6687737;-0,6687737;0,2296558;0,2296558;
-0,4307823;0;0;0,9024559;
-0,2264095;-0,2264095;0,6698797;0,6698797;
-0,794974;0;0;0,6066436;
-0,4436174;0;0;-0,8962163;
0,498636;-0,498636;-0,5013604;0,5013604;
-0,6687723;-0,6687723;0,2296599;0,2296599;
-0,4307283;0;0;0,9024817;
-0,2280188;-0,2280188;0,6693336;0,6693336;
-0,7951012;0;0;0,6064768;
-0,4458508;0;0;-0,8951073;
0,498666;-0,498666;-0,5013305;0,5013305;
-0,6687654;-0,6687654;0,2296798;0,2296798;
-0,430685;0;0;0,9025024;
-0,2296026;-0,2296026;0,6687919;0,6687919;
-0,795221;0;0;0,6063196;
-0,4480602;0;0;-0,8940035;
0,4986629;-0,4986629;-0,5013335;0,5013335;
-0,6687489;-0,6687489;0,2297279;0,2297279;
-0,4306201;0;0;0,9025333;
-0,2306165;-0,2306165;0,668443;0,668443;
-0,7952938;0;0;0,6062243;
-0,4495816;0;0;-0,8932393;
0,4987021;-0,4987021;-0,5012946;0,5012946;
-0,668753;-0,668753;0,2297159;0,2297159;
-0,4305931;0;0;0,9025462;
-0,2316258;-0,2316258;0,668094;0,668094;
-0,7953482;0;0;0,6061528;
-0,4510803;0;0;-0,8924833;
0,4987021;-0,4987021;-0,5012946;0,5012946;
-0,6687365;-0,6687365;0,2297641;0,2297641;
-0,4305714;0;0;0,9025565;
-0,2321584;-0,2321584;0,667909;0,667909;
-0,7953737;0;0;0,6061194;
-0,4518557;0;0;-0,892091;
0,498708;-0,498708;-0,5012887;0,5012887;
-0,6687407;-0,6687407;0,229752;0,229752;
-0,4305119;0;0;0,9025849;
-0,2337069;-0,2337069;0,6673688;0,6673688;
-0,7954646;0;0;0,6060001;
-0,4540894;0;0;-0,8909562;
0,4987291;-0,4987291;-0,5012677;0,5012677;
-0,6687379;-0,6687379;0,2297601;0,2297601;
-0,4305011;0;0;0,90259;
-0,2342188;-0,2342188;0,6671893;0,6671893;
-0,7955008;0;0;0,6059525;
-0,4548104;0;0;-0,8905882;
0,4987382;-0,4987382;-0,5012587;0,5012587;
-0,6687282;-0,6687282;0,2297881;0,2297881;
-0,4304362;0;0;0,902621;
-0,2357816;-0,2357816;0,6666387;0,6666387;
-0,7955517;0;0;0,6058857;
-0,456998;0;0;-0,8894678;
0,4987651;-0,4987651;-0,5012318;0,5012318;
-0,6687199;-0,6687199;0,2298122;0,2298122;
-0,4303929;0;0;0,9026417;
-0,2368359;-0,2368359;0,6662648;0,6662648;
-0,795577;0;0;0,6058525;
-0,4584157;0;0;-0,8887379;
0,4987622;-0,4987622;-0,5012348;0,5012348;
-0,6687173;-0,6687173;0,2298202;0,2298202;
-0,4303605;0;0;0,9026572;
-0,2379138;-0,2379138;0,6658807;0,6658807;
-0,795617;0;0;0,6058;
-0,4598642;0;0;-0,8879893;
0,4987923;-0,4987923;-0,5012048;0,5012048;
-0,6687075;-0,6687075;0,2298485;0,2298485;
-0,4302847;0;0;0,9026932;
-0,2395254;-0,2395254;0,6653026;0,6653026;
-0,7956388;0;0;0,6057714;
-0,4620188;0;0;-0,8868702;
0,4988013;-0,4988013;-0,5011959;0,5011959;
-0,6686938;-0,6686938;0,2298885;0,2298885;
-0,4302523;0;0;0,9027087;
-0,2405937;-0,2405937;0,6649171;0,6649171;
-0,7956496;0;0;0,6057572;
-0,4634588;0;0;-0,8861185;
0,4988312;-0,4988312;-0,501166;0,501166;
-0,6686938;-0,6686938;0,2298885;0,2298885;
-0,4302415;0;0;0,9027138;
-0,2416494;-0,2416494;0,6645341;0,6645341;
-0,7956606;0;0;0,6057428;
-0,4649191;0;0;-0,8853533;
0,4988374;-0,4988374;-0,50116;0,50116;
-0,6686758;-0,6686758;0,2299407;0,2299407;
-0,4301656;0;0;0,90275;
-0,243206;-0,243206;0,663966;0,663966;
-0,7956679;0;0;0,6057332;
-0,4671147;0;0;-0,8841968;
0,4988854;-0,4988854;-0,5011122;0,5011122;
-0,6686689;-0,6686689;0,2299606;0,2299606;
-0,4301385;0;0;0,9027629;
-0,2442522;-0,2442522;0,6635818;0,6635818;
-0,795675;0;0;0,6057237;
-0,4685399;0;0;-0,8834424;
0,4988914;-0,4988914;-0,5011063;0,5011063;
-0,6686565;-0,6686565;0,2299967;0,2299967;
-0,4300844;0;0;0,9027886;
-0,2452978;-0,2452978;0,663196;0,663196;
-0,7956824;0;0;0,6057141;
-0,4699216;0;0;-0,8827082;
0,4989154;-0,4989154;-0,5010824;0,5010824;
-0,6686441;-0,6686441;0,2300328;0,2300328;
-0,4300628;0;0;0,902799;
-0,2458344;-0,2458344;0,6629974;0,6629974;
-0,7956824;0;0;0,6057141;
-0,470583;0;0;-0,8823558;
0,4989245;-0,4989245;-0,5010732;0,5010732;
-0,6686358;-0,6686358;0,2300569;0,2300569;
-0,4300087;0;0;0,9028248;
-0,2474109;-0,2474109;0,6624106;0,6624106;
-0,7956788;0;0;0,6057188;
-0,4726658;0;0;-0,8812419;
0,4989514;-0,4989514;-0,5010464;0,5010464;
-0,6686179;-0,6686179;0,2301089;0,2301089;
-0,42996;0;0;0,9028479;
-0,2490776;-0,2490776;0,6617858;0,6617858;
-0,795657;0;0;0,6057474;
-0,4747459;0;0;-0,8801228;
0,4989844;-0,4989844;-0,5010136;0,5010136;
-0,668611;-0,668611;0,230129;0,230129;
-0,4298895;0;0;0,9028815;
-0,250711;-0,250711;0,6611687;0,6611687;
-0,7956533;0;0;0,6057522;
-0,4768707;0;0;-0,8789735;
0,4989965;-0,4989965;-0,5010015;0,5010015;
-0,6685944;-0,6685944;0,2301772;0,2301772;
-0,4298625;0;0;0,9028944;
-0,2522833;-0,2522833;0,6605703;0,6605703;
-0,7956061;0;0;0,6058143;
-0,4790296;0;0;-0,8777988;
0,4990205;-0,4990205;-0,5009776;0,5009776;
-0,6685806;-0,6685806;0,2302174;0,2302174;
-0,4298462;0;0;0,9029021;
-0,2527781;-0,2527781;0,6603811;0,6603811;
-0,7955844;0;0;0,6058429;
-0,4797398;0;0;-0,8774109;
0,4990235;-0,4990235;-0,5009747;0,5009747;
-0,6685834;-0,6685834;0,2302093;0,2302093;
-0,4297813;0;0;0,9029331;
-0,2543089;-0,2543089;0,6597931;0,6597931;
-0,7955191;0;0;0,6059286;
-0,4818525;0;0;-0,8762523;
0,4990505;-0,4990505;-0,5009477;0,5009477;
-0,6685682;-0,6685682;0,2302533;0,2302533;
-0,4297434;0;0;0,9029511;
-0,255313;-0,255313;0,6594052;0,6594052;
-0,7954682;0;0;0,6059954;
-0,4832391;0;0;-0,8754885;
0,4990475;-0,4990475;-0,5009508;0,5009508;
-0,6685655;-0,6685655;0,2302614;0,2302614;
-0,4297056;0;0;0,9029691;
-0,2568851;-0,2568851;0,6587944;0,6587944;
-0,7953846;0;0;0,606105;
-0,4852165;0;0;-0,8743941;
0,4990745;-0,4990745;-0,5009239;0,5009239;
-0,6685531;-0,6685531;0,2302974;0,2302974;
-0,4296893;0;0;0,9029768;
-0,2573904;-0,2573904;0,6585972;0,6585972;
-0,7953411;0;0;0,6061622;
-0,485887;0;0;-0,8740217;
0,4990805;-0,4990805;-0,5009179;0,5009179;
-0,6685475;-0,6685475;0,2303136;0,2303136;
-0,4296406;0;0;0,903;
-0,2584006;-0,2584006;0,6582015;0,6582015;
-0,7952902;0;0;0,606229;
-0,4871494;0;0;-0,8733187;
0,4990926;-0,4990926;-0,5009057;0,5009057;
-0,6685433;-0,6685433;0,2303256;0,2303256;
-0,429619;0;0;0,9030103;
-0,2594968;-0,2594968;0,65777;0,65777;
-0,7952393;0;0;0,6062957;
-0,4884053;0;0;-0,872617;
0,4990956;-0,4990956;-0,5009028;0,5009028;
-0,668542;-0,668542;0,2303296;0,2303296;
-0,4296298;0;0;0,9030051;
-0,2599065;-0,2599065;0,6576083;0,6576083;
-0,7952139;0;0;0,606329;
-0,4888864;0;0;-0,8723475;
0,4990986;-0,4990986;-0,5008998;0,5008998;
-0,6685406;-0,6685406;0,2303336;0,2303336;
-0,4296244;0;0;0,9030077;
-0,2600484;-0,2600484;0,6575521;0,6575521;
-0,7952102;0;0;0,6063339;
-0,4890121;0;0;-0,8722771;
0,4991016;-0,4991016;-0,5008969;0,5008969;
-0,6685406;-0,6685406;0,2303336;0,2303336;
-0,4296298;0;0;0,9030051;
-0,2600052;-0,2600052;0,6575692;0,6575692;
-0,7952283;0;0;0,6063101;
-0,4889178;0;0;-0,8723299;
0,4990986;-0,4990986;-0,5008998;0,5008998;
-0,6685406;-0,6685406;0,2303336;0,2303336;
-0,429619;0;0;0,9030103;
-0,2600169;-0,2600169;0,6575646;0,6575646;
-0,795221;0;0;0,6063196;
-0,488944;0;0;-0,8723152;
0,4990956;-0,4990956;-0,5009028;0,5009028;
-0,6685378;-0,6685378;0,2303416;0,2303416;
-0,429619;0;0;0,9030103;
-0,2599776;-0,2599776;0,6575801;0,6575801;
-0,7952247;0;0;0,606315;
-0,4888656;0;0;-0,8723592;
0,4991016;-0,4991016;-0,5008969;0,5008969;
-0,6685406;-0,6685406;0,2303336;0,2303336;
-0,4295811;0;0;0,9030283;
-0,2599894;-0,2599894;0,6575755;0,6575755;
-0,7952319;0;0;0,6063054;
-0,4888238;0;0;-0,8723826;
0,4990986;-0,4990986;-0,5008998;0,5008998;
-0,6685406;-0,6685406;0,2303336;0,2303336;
-0,4295757;0;0;0,9030309;
-0,2599815;-0,2599815;0,6575786;0,6575786;
-0,7952393;0;0;0,6062957;
-0,4887924;0;0;-0,8724002;
0,4991016;-0,4991016;-0,5008969;0,5008969;
-0,6685392;-0,6685392;0,2303376;0,2303376;
-0,4295919;0;0;0,9030231;
-0,2599776;-0,2599776;0,6575801;0,6575801;
-0,7952247;0;0;0,606315;
-0,4887872;0;0;-0,8724031;
0,4990986;-0,4990986;-0,5008998;0,5008998;
-0,6685392;-0,6685392;0,2303376;0,2303376;
-0,4295811;0;0;0,9030283;
-0,2600052;-0,2600052;0,6575692;0,6575692;
-0,7952283;0;0;0,6063101;
-0,4887348;0;0;-0,8724325;
0,4991075;-0,4991075;-0,5008909;0,5008909;
-0,668542;-0,668542;0,2303296;0,2303296;
-0,4295919;0;0;0,9030231;
-0,2600328;-0,2600328;0,6575583;0,6575583;
-0,7952356;0;0;0,6063005;
-0,4887348;0;0;-0,8724325;
0,4991166;-0,4991166;-0,5008819;0,5008819;
-0,6685406;-0,6685406;0,2303336;0,2303336;
-0,4296027;0;0;0,903018;
-0,2600484;-0,2600484;0,6575521;0,6575521;
-0,7952356;0;0;0,6063005;
-0,4887348;0;0;-0,8724325;
0,4991195;-0,4991195;-0,5008789;0,5008789;
-0,6685378;-0,6685378;0,2303416;0,2303416;
-0,4296136;0;0;0,9030129;
-0,2600248;-0,2600248;0,6575615;0,6575615;
-0,7952319;0;0;0,6063054;
-0,4887453;0;0;-0,8724265;
0,4991466;-0,4991466;-0,500852;0,500852;
-0,6685378;-0,6685378;0,2303416;0,2303416;
-0,4295811;0;0;0,9030283;
-0,2600248;-0,2600248;0,6575615;0,6575615;
-0,7952428;0;0;0,6062911;
-0,4887401;0;0;-0,8724295;
0,4991496;-0,4991496;-0,500849;0,500849;
-0,6685447;-0,6685447;0,2303216;0,2303216;
-0,4295919;0;0;0,9030231;
-0,2600248;-0,2600248;0,6575615;0,6575615;
-0,7952428;0;0;0,6062911;
-0,4887192;0;0;-0,8724412;
0,4991525;-0,4991525;-0,5008461;0,5008461;
-0,6685433;-0,6685433;0,2303256;0,2303256;
-0,4295649;0;0;0,903036;
-0,2599933;-0,2599933;0,657574;0,657574;
-0,7952501;0;0;0,6062816;
-0,4887192;0;0;-0,8724412;
0,4991587;-0,4991587;-0,5008399;0,5008399;
-0,6685378;-0,6685378;0,2303416;0,2303416;
-0,4295649;0;0;0,903036;
-0,2600052;-0,2600052;0,6575692;0,6575692;
-0,7952501;0;0;0,6062816;
-0,4887296;0;0;-0,8724354;
0,4991525;-0,4991525;-0,5008461;0,5008461;
-0,6685378;-0,6685378;0,2303416;0,2303416;
-0,4295649;0;0;0,903036;
-0,2600169;-0,2600169;0,6575646;0,6575646;
-0,7952393;0;0;0,6062957;
-0,4887192;0;0;-0,8724412;
0,4991556;-0,4991556;-0,5008429;0,5008429;
-0,6685351;-0,6685351;0,2303495;0,2303495;
-0,4295811;0;0;0,9030283;
-0,2600328;-0,2600328;0,6575583;0,6575583;
-0,7952319;0;0;0,6063054;
-0,4887244;0;0;-0,8724382;
0,4991616;-0,4991616;-0,500837;0,500837;
-0,6685323;-0,6685323;0,2303576;0,2303576;
-0,4295757;0;0;0,9030309;
-0,2600169;-0,2600169;0,6575646;0,6575646;
-0,7952319;0;0;0,6063054;
-0,4887348;0;0;-0,8724325;
0,4991587;-0,4991587;-0,5008399;0,5008399;
-0,6685296;-0,6685296;0,2303656;0,2303656;
-0,4295919;0;0;0,9030231;
-0,2600328;-0,2600328;0,6575583;0,6575583;
-0,7952428;0;0;0,6062911;
-0,4887296;0;0;-0,8724354;
0,4991587;-0,4991587;-0,5008399;0,5008399;
-0,6685253;-0,6685253;0,2303779;0,2303779;
-0,4295703;0;0;0,9030334;
-0,2600288;-0,2600288;0,6575599;0,6575599;
-0,7952465;0;0;0,6062863;
-0,488714;0;0;-0,8724441;
0,4991616;-0,4991616;-0,500837;0,500837;
-0,6685296;-0,6685296;0,2303656;0,2303656;
-0,4295595;0;0;0,9030386;
-0,2600091;-0,2600091;0,6575677;0,6575677;
-0,7952393;0;0;0,6062957;
-0,4887088;0;0;-0,8724471;
0,4991587;-0,4991587;-0,5008399;0,5008399;
-0,6685281;-0,6685281;0,2303697;0,2303697;
-0,4295432;0;0;0,9030463;
-0,2600052;-0,2600052;0,6575692;0,6575692;
-0,7952428;0;0;0,6062911;
-0,4887088;0;0;-0,8724471;
0,4991616;-0,4991616;-0,500837;0,500837;
-0,6685267;-0,6685267;0,2303738;0,2303738;
-0,4295486;0;0;0,9030437;
-0,2600169;-0,2600169;0,6575646;0,6575646;
-0,7952393;0;0;0,6062957;
-0,4887296;0;0;-0,8724354;
0,4991646;-0,4991646;-0,500834;0,500834;
-0,6685253;-0,6685253;0,2303779;0,2303779;
-0,4295649;0;0;0,903036;
-0,2600209;-0,2600209;0,657563;0,657563;
-0,7952428;0;0;0,6062911;
-0,4887192;0;0;-0,8724412;
0,4991676;-0,4991676;-0,500831;0,500831;
-0,6685296;-0,6685296;0,2303656;0,2303656;
-0,4295757;0;0;0,9030309;
-0,2600288;-0,2600288;0,6575599;0,6575599;
-0,7952465;0;0;0,6062863;
-0,4887401;0;0;-0,8724295;
0,4991706;-0,4991706;-0,500828;0,500828;
-0,6685267;-0,6685267;0,2303738;0,2303738;
-0,4295649;0;0;0,903036;
-0,2600209;-0,2600209;0,657563;0,657563;
-0,7952356;0;0;0,6063005;
-0,4887296;0;0;-0,8724354;
0,4991646;-0,4991646;-0,500834;0,500834;
-0,6685253;-0,6685253;0,2303779;0,2303779;
-0,4295595;0;0;0,9030386;
-0,2600367;-0,2600367;0,6575568;0,6575568;
-0,7952393;0;0;0,6062957;
-0,4887296;0;0;-0,8724354;
0,4991616;-0,4991616;-0,500837;0,500837;
-0,6685267;-0,6685267;0,2303738;0,2303738;
-0,4295486;0;0;0,9030437;
-0,2600328;-0,2600328;0,6575583;0,6575583;
-0,7952393;0;0;0,6062957;
-0,4887192;0;0;-0,8724412;
0,4991676;-0,4991676;-0,500831;0,500831;
-0,6685253;-0,6685253;0,2303779;0,2303779;
-0,4295432;0;0;0,9030463;
-0,260013;-0,260013;0,6575662;0,6575662;
-0,7952319;0;0;0,6063054;
-0,488714;0;0;-0,8724441;
0,4991736;-0,4991736;-0,500825;0,500825;
-0,6685253;-0,6685253;0,2303779;0,2303779;
-0,4295703;0;0;0,9030334;
-0,2600169;-0,2600169;0,6575646;0,6575646;
-0,7952465;0;0;0,6062863;
-0,4887088;0;0;-0,8724471;
0,4991676;-0,4991676;-0,500831;0,500831;
-0,6685212;-0,6685212;0,2303898;0,2303898;
-0,429554;0;0;0,9030412;
-0,2600248;-0,2600248;0,6575615;0,6575615;
-0,7952319;0;0;0,6063054;
-0,4887244;0;0;-0,8724382;
0,4991736;-0,4991736;-0,500825;0,500825;
-0,6685226;-0,6685226;0,2303858;0,2303858;
-0,429554;0;0;0,9030412;
-0,2600248;-0,2600248;0,6575615;0,6575615;
-0,7952356;0;0;0,6063005;
-0,4887192;0;0;-0,8724412;
0,4991676;-0,4991676;-0,500831;0,500831;
-0,6685267;-0,6685267;0,2303738;0,2303738;
-0,4295432;0;0;0,9030463;
-0,2600328;-0,2600328;0,6575583;0,6575583;
-0,7952393;0;0;0,6062957;
-0,4887244;0;0;-0,8724382;
0,4991646;-0,4991646;-0,500834;0,500834;
-0,668524;-0,668524;0,2303817;0,2303817;
-0,4295703;0;0;0,9030334;
-0,2600328;-0,2600328;0,6575583;0,6575583;
-0,7952356;0;0;0,6063005;
-0,488714;0;0;-0,8724441;
0,4991616;-0,4991616;-0,500837;0,500837;
-0,6685226;-0,6685226;0,2303858;0,2303858;
-0,4295703;0;0;0,9030334;
-0,2600328;-0,2600328;0,6575583;0,6575583;
-0,7952465;0;0;0,6062863;
-0,488714;0;0;-0,8724441;
0,4991646;-0,4991646;-0,500834;0,500834;
-0,6685226;-0,6685226;0,2303858;0,2303858;
-0,4295649;0;0;0,903036;
-0,2600367;-0,2600367;0,6575568;0,6575568;
-0,7952501;0;0;0,6062816;
-0,488693;0;0;-0,8724559;
0,4991646;-0,4991646;-0,500834;0,500834;
-0,6685226;-0,6685226;0,2303858;0,2303858;
-0,4295649;0;0;0,903036;
-0,260013;-0,260013;0,6575662;0,6575662;
-0,7952573;0;0;0,606272;
-0,488693;0;0;-0,8724559;
0,4991616;-0,4991616;-0,500837;0,500837;
-0,668524;-0,668524;0,2303817;0,2303817;
-0,429554;0;0;0,9030412;
-0,2599933;-0,2599933;0,657574;0,657574;
-0,7952501;0;0;0,6062816;
-0,4886458;0;0;-0,8724824;
0,4991706;-0,4991706;-0,500828;0,500828;
-0,6685212;-0,6685212;0,2303898;0,2303898;
-0,4295432;0;0;0,9030463;
-0,2599381;-0,2599381;0,6575958;0,6575958;
-0,7952465;0;0;0,6062863;
-0,4885725;0;0;-0,8725232;
0,4991676;-0,4991676;-0,500831;0,500831;
-0,668524;-0,668524;0,2303817;0,2303817;
-0,4295649;0;0;0,903036;
-0,2598987;-0,2598987;0,6576113;0,6576113;
-0,7952684;0;0;0,6062576;
-0,4884577;0;0;-0,8725876;
0,4991676;-0,4991676;-0,500831;0,500831;
-0,668524;-0,668524;0,2303817;0,2303817;
-0,429554;0;0;0,9030412;
-0,2597451;-0,2597451;0,657672;0,657672;
-0,7952756;0;0;0,6062481;
-0,488264;0;0;-0,872696;
0,4991646;-0,4991646;-0,500834;0,500834;
-0,668524;-0,668524;0,2303817;0,2303817;
-0,4295486;0;0;0,9030437;
-0,2596742;-0,2596742;0,6577001;0,6577001;
-0,7952791;0;0;0,6062434;
-0,4881752;0;0;-0,8727458;
0,4991646;-0,4991646;-0,500834;0,500834;
-0,6685212;-0,6685212;0,2303898;0,2303898;
-0,4295595;0;0;0,9030386;
-0,259481;-0,259481;0,6577763;0,6577763;
-0,7952902;0;0;0,606229;
-0,4879083;0;0;-0,8728948;
0,4991587;-0,4991587;-0,5008399;0,5008399;
-0,6685281;-0,6685281;0,2303697;0,2303697;
-0,4295703;0;0;0,9030334;
-0,2590591;-0,2590591;0,6579425;0,6579425;
-0,7953266;0;0;0,6061812;
-0,487343;0;0;-0,8732107;
0,4991556;-0,4991556;-0,5008429;0,5008429;
-0,6685253;-0,6685253;0,2303779;0,2303779;
-0,4295595;0;0;0,9030386;
-0,2584045;-0,2584045;0,6581999;0,6581999;
-0,7953701;0;0;0,606124;
-0,4865314;0;0;-0,8736631;
0,4991315;-0,4991315;-0,5008669;0,5008669;
-0,6685296;-0,6685296;0,2303656;0,2303656;
-0,429554;0;0;0,9030412;
-0,2581441;-0,2581441;0,6583021;0,6583021;
-0,7953956;0;0;0,6060907;
-0,4861804;0;0;-0,8738586;
0,4991436;-0,4991436;-0,500855;0,500855;
-0,6685351;-0,6685351;0,2303495;0,2303495;
-0,4295595;0;0;0,9030386;
-0,2578639;-0,2578639;0,6584119;0,6584119;
-0,7954137;0;0;0,6060669;
-0,4857875;0;0;-0,8740769;
0,4991377;-0,4991377;-0,5008609;0,5008609;
-0,6685406;-0,6685406;0,2303336;0,2303336;
-0,4296082;0;0;0,9030154;
-0,2568457;-0,2568457;0,6588098;0,6588098;
-0,7954754;0;0;0,6059859;
-0,484519;0;0;-0,8747807;
0,4990986;-0,4990986;-0,5008998;0,5008998;
-0,6685433;-0,6685433;0,2303256;0,2303256;
-0,4296244;0;0;0,9030077;
-0,2557714;-0,2557714;0,6592276;0,6592276;
-0,7955335;0;0;0,6059096;
-0,4830448;0;0;-0,8755957;
0,4991046;-0,4991046;-0,5008938;0,5008938;
-0,6685475;-0,6685475;0,2303136;0,2303136;
-0,4296623;0;0;0,9029897;
-0,2545936;-0,2545936;0,6596833;0,6596833;
-0,7955916;0;0;0,6058334;
-0,4814534;0;0;-0,8764718;
0,4990625;-0,4990625;-0,5009358;0,5009358;
-0,6685613;-0,6685613;0,2302735;0,2302735;
-0,4296731;0;0;0,9029845;
-0,2541627;-0,2541627;0,6598495;0,6598495;
-0,7956134;0;0;0,6058047;
-0,480891;0;0;-0,8767805;
0,4990685;-0,4990685;-0,5009298;0,5009298;
-0,6685613;-0,6685613;0,2302735;0,2302735;
-0,4297056;0;0;0,9029691;
-0,2527938;-0,2527938;0,6603751;0,6603751;
-0,795646;0;0;0,6057619;
-0,4791665;0;0;-0,8777241;
0,4990505;-0,4990505;-0,5009477;0,5009477;
-0,6685737;-0,6685737;0,2302373;0,2302373;
-0,4297164;0;0;0,9029639;
-0,2518398;-0,2518398;0,6607395;0,6607395;
-0,7956824;0;0;0,6057141;
-0,4779031;0;0;-0,8784126;
0,4990415;-0,4990415;-0,5009567;0,5009567;
-0,668582;-0,668582;0,2302133;0,2302133;
-0,4297759;0;0;0,9029356;
-0,2508574;-0,2508574;0,6611131;0,6611131;
-0,7956932;0;0;0,6056998;
-0,4766386;0;0;-0,8790994;
0,4990325;-0,4990325;-0,5009657;0,5009657;
-0,6685848;-0,6685848;0,2302052;0,2302052;
-0,4298517;0;0;0,9028996;
-0,2492641;-0,2492641;0,6617155;0,6617155;
-0,7957187;0;0;0,6056665;
-0,4746297;0;0;-0,8801856;
0,4990084;-0,4990084;-0,5009896;0,5009896;
-0,668593;-0,668593;0,2301813;0,2301813;
-0,4299222;0;0;0,902866;
-0,2476055;-0,2476055;0,662338;0,662338;
-0,7957295;0;0;0,6056522;
-0,4725601;0;0;-0,8812985;
0,4989814;-0,4989814;-0,5010166;0,5010166;
-0,668611;-0,668611;0,230129;0,230129;
-0,429987;0;0;0,9028351;
-0,2459457;-0,2459457;0,6629561;0,6629561;
-0,7957441;0;0;0,605633;
-0,4704879;0;0;-0,8824065;
0,4989484;-0,4989484;-0,5010494;0,5010494;
-0,6686289;-0,6686289;0,2300769;0,2300769;
-0,430052;0;0;0,9028041;
-0,2448845;-0,2448845;0,6633488;0,6633488;
-0,7957441;0;0;0,605633;
-0,4690959;0;0;-0,8831474;
0,4989484;-0,4989484;-0,5010494;0,5010494;
-0,6686317;-0,6686317;0,2300689;0,2300689;
-0,4300736;0;0;0,9027938;
-0,243759;-0,243759;0,6637632;0,6637632;
-0,7957295;0;0;0,6056522;
-0,4676501;0;0;-0,8839136;
0,4989274;-0,4989274;-0,5010703;0,5010703;
-0,6686469;-0,6686469;0,2300249;0,2300249;
-0,4301223;0;0;0,9027706;
-0,2426487;-0,2426487;0,6641699;0,6641699;
-0,795715;0;0;0,6056713;
-0,4661977;0;0;-0,8846806;
0,4989245;-0,4989245;-0,5010732;0,5010732;
-0,6686441;-0,6686441;0,2300328;0,2300328;
-0,4301602;0;0;0,9027526;
-0,2415458;-0,2415458;0,6645718;0,6645718;
-0,795715;0;0;0,6056713;
-0,4647012;0;0;-0,8854676;
0,4988914;-0,4988914;-0,5011063;0,5011063;
-0,6686593;-0,6686593;0,2299887;0,2299887;
-0,430171;0;0;0,9027475;
-0,241032;-0,241032;0,6647583;0,6647583;
-0,795715;0;0;0,6056713;
-0,4639634;0;0;-0,8858544;
0,4988914;-0,4988914;-0,5011063;0,5011063;
-0,6686579;-0,6686579;0,2299926;0,2299926;
-0,4302577;0;0;0,9027061;
-0,2394179;-0,2394179;0,6653413;0,6653413;
-0,7956788;0;0;0,6057188;
-0,4617796;0;0;-0,8869948;
0,4988584;-0,4988584;-0,5011391;0,5011391;
-0,6686621;-0,6686621;0,2299806;0,2299806;
-0,4303118;0;0;0,9026803;
-0,2377782;-0,2377782;0,6659291;0,6659291;
-0,7956496;0;0;0,6057572;
-0,4596086;0;0;-0,8881217;
0,4988403;-0,4988403;-0,501157;0,501157;
-0,66868;-0,66868;0,2299286;0,2299286;
-0,4303389;0;0;0,9026675;
-0,2372432;-0,2372432;0,6661199;0,6661199;
-0,7956243;0;0;0,6057903;
-0,4588791;0;0;-0,8884988;
0,4988403;-0,4988403;-0,501157;0,501157;
-0,6686772;-0,6686772;0,2299367;0,2299367;
-0,4303875;0;0;0,9026442;
-0,2356417;-0,2356417;0,6666881;0,6666881;
-0,7955734;0;0;0,6058573;
-0,45671;0;0;-0,8896157;
0,4988193;-0,4988193;-0,5011779;0,5011779;
-0,6686965;-0,6686965;0,2298805;0,2298805;
-0,430474;0;0;0,902603;
-0,2340427;-0,2340427;0,6672511;0,6672511;
-0,7955008;0;0;0,6059525;
-0,4545168;0;0;-0,8907382;
0,4988013;-0,4988013;-0,5011959;0,5011959;
-0,6686979;-0,6686979;0,2298764;0,2298764;
-0,430474;0;0;0,902603;
-0,2335349;-0,2335349;0,667429;0,667429;
-0,7954682;0;0;0,6059954;
-0,4537531;0;0;-0,8911274;
0,4987893;-0,4987893;-0,5012078;0,5012078;
-0,6687089;-0,6687089;0,2298444;0,2298444;
-0,4305227;0;0;0,9025797;
-0,2324705;-0,2324705;0,6678005;0,6678005;
-0,7954282;0;0;0,6060479;
-0,452214;0;0;-0,8919095;
0,4987803;-0,4987803;-0,5012168;0,5012168;
-0,6687103;-0,6687103;0,2298404;0,2298404;
-0,4305498;0;0;0,9025669;
-0,2314055;-0,2314055;0,6681703;0,6681703;
-0,795352;0;0;0,6061479;
-0,4506895;0;0;-0,8926809;
0,4987713;-0,4987713;-0,5012258;0,5012258;
-0,668713;-0,668713;0,2298323;0,2298323;
-0,4306309;0;0;0,9025282;
-0,2298472;-0,2298472;0,6687079;0,6687079;
-0,7952537;0;0;0,6062768;
-0,4484352;0;0;-0,8938153;
0,4987441;-0,4987441;-0,5012528;0,5012528;
-0,6687255;-0,6687255;0,2297962;0,2297962;
-0,4306633;0;0;0,9025127;
-0,2288129;-0,2288129;0,6690626;0,6690626;
-0,7951885;0;0;0,6063623;
-0,4469773;0;0;-0,8945454;
0,4987411;-0,4987411;-0,5012557;0,5012557;
-0,6687255;-0,6687255;0,2297962;0,2297962;
-0,4307012;0;0;0,9024946;
-0,2277421;-0,2277421;0,6694278;0,6694278;
-0,7951122;0;0;0,6064625;
-0,4454808;0;0;-0,8952916;
0,4987172;-0,4987172;-0,5012796;0,5012796;
-0,6687462;-0,6687462;0,229736;0,229736;
-0,4307769;0;0;0,9024585;
-0,2261807;-0,2261807;0,669957;0,669957;
-0,7949667;0;0;0,606653;
-0,4432358;0;0;-0,8964051;
0,4987051;-0,4987051;-0,5012916;0,5012916;
-0,6687503;-0,6687503;0,2297239;0,2297239;
-0,4308364;0;0;0,9024301;
-0,2246261;-0,2246261;0,6704798;0,6704798;
-0,7948505;0;0;0,6068054;
-0,4409564;0;0;-0,8975286;
0,498687;-0,498687;-0,5013096;0,5013096;
-0,6687558;-0,6687558;0,2297079;0,2297079;
-0,4308364;0;0;0,9024301;
-0,2241036;-0,2241036;0,6706547;0,6706547;
-0,7947995;0;0;0,6068721;
-0,4402242;0;0;-0,8978878;
0,49869;-0,49869;-0,5013066;0,5013066;
-0,6687558;-0,6687558;0,2297079;0,2297079;
-0,4308851;0;0;0,9024069;
-0,2225635;-0,2225635;0,6711673;0,6711673;
-0,7946322;0;0;0,6070912;
-0,4378815;0;0;-0,8990328;
0,498651;-0,498651;-0,5013454;0,5013454;
-0,668775;-0,668775;0,2296518;0,2296518;
-0,4309662;0;0;0,9023681;
-0,2210103;-0,2210103;0,6716803;0,6716803;
-0,7944829;0;0;0,6072865;
-0,4355035;0;0;-0,900187;
0,49863;-0,49863;-0,5013663;0,5013663;
-0,6687888;-0,6687888;0,2296117;0,2296117;
-0,4309986;0;0;0,9023526;
-0,2199754;-0,2199754;0,67202;0,67202;
-0,7943593;0;0;0,6074482;
-0,4339595;0;0;-0,9009324;
0,4986239;-0,4986239;-0,5013723;0,5013723;
-0,668793;-0,668793;0,2295997;0,2295997;
-0,431031;0;0;0,9023371;
-0,218956;-0,218956;0,6723528;0,6723528;
-0,7942389;0;0;0,6076056;
-0,4324358;0;0;-0,9016649;
0,498603;-0,498603;-0,5013931;0,5013931;
-0,6688081;-0,6688081;0,2295555;0,2295555;
-0,4310853;0;0;0,9023111;
-0,2174162;-0,2174162;0,6728523;0,6728523;
-0,7940571;0;0;0,6078432;
-0,4301481;0;0;-0,9027584;
0,4985819;-0,4985819;-0,5014141;0,5014141;
-0,6688219;-0,6688219;0,2295156;0,2295156;
-0,4311285;0;0;0,9022905;
-0,2164038;-0,2164038;0,6731786;0,6731786;
-0,793933;0;0;0,6080053;
-0,4286271;0;0;-0,9034815;
0,4985548;-0,4985548;-0,5014411;0,5014411;
-0,6688219;-0,6688219;0,2295156;0,2295156;
-0,4311664;0;0;0,9022724;
-0,2153665;-0,2153665;0,6735111;0,6735111;
-0,7937947;0;0;0,6081858;
-0,4270828;0;0;-0,9042125;
0,4985458;-0,4985458;-0,50145;0,50145;
-0,6688398;-0,6688398;0,2294632;0,2294632;
-0,4312042;0;0;0,9022543;
-0,2143813;-0,2143813;0,6738254;0,6738254;
-0,7936415;0;0;0,6083857;
-0,425494;0;0;-0,9049613;
0,4985248;-0,4985248;-0,5014709;0,5014709;
-0,6688439;-0,6688439;0,2294512;0,2294512;
-0,4312204;0;0;0,9022466;
-0,2133754;-0,2133754;0,6741446;0,6741446;
-0,7934992;0;0;0,6085713;
-0,4238659;0;0;-0,905725;
0,4985218;-0,4985218;-0,5014739;0,5014739;
-0,6688508;-0,6688508;0,2294312;0,2294312;
-0,4312907;0;0;0,902213;
-0,2118679;-0,2118679;0,6746199;0,6746199;
-0,7932914;0;0;0,6088422;
-0,4214539;0;0;-0,9068499;
0,4984857;-0,4984857;-0,5015097;0,5015097;
-0,6688631;-0,6688631;0,2293953;0,2293953;
-0,4313015;0;0;0,9022079;
-0,2113785;-0,2113785;0,6747734;0,6747734;
-0,793211;0;0;0,6089469;
-0,420682;0;0;-0,9072081;
0,4984767;-0,4984767;-0,5015187;0,5015187;
-0,6688686;-0,6688686;0,2293793;0,2293793;
-0,4313772;0;0;0,9021717;
-0,2098777;-0,2098777;0,6752417;0,6752417;
-0,7929701;0;0;0,6092606;
-0,4183147;0;0;-0,9083021;
0,4984285;-0,4984285;-0,5015666;0,5015666;
-0,6688838;-0,6688838;0,229335;0,229335;
-0,431388;0;0;0,9021665;
-0,2094041;-0,2094041;0,6753888;0,6753888;
-0,7928935;0;0;0,6093603;
-0,4175252;0;0;-0,9086653;
0,4984346;-0,4984346;-0,5015604;0,5015604;
-0,6688824;-0,6688824;0,229339;0,229339;
-0,4314529;0;0;0,9021355;
-0,2084242;-0,2084242;0,6756918;0,6756918;
-0,7927292;0;0;0,6095741;
-0,4159615;0;0;-0,9093823;
0,4983864;-0,4983864;-0,5016084;0,5016084;
-0,6688934;-0,6688934;0,2293069;0,2293069;
-0,4314907;0;0;0,9021174;
-0,2069212;-0,2069212;0,6761536;0,6761536;
-0,7924769;0;0;0,609902;
-0,4136378;0;0;-0,9104416;
0,4983264;-0,4983264;-0,501668;0,501668;
-0,6688975;-0,6688975;0,2292949;0,2292949;
-0,431534;0;0;0,9020967;
-0,20592;-0,20592;0,6764591;0,6764591;
-0,7922832;0;0;0,6101536;
-0,4120221;0;0;-0,9111739;
0,4983083;-0,4983083;-0,501686;0,501686;
-0,66891;-0,66891;0,2292587;0,2292587;
-0,4315664;0;0;0,9020812;
-0,2049343;-0,2049343;0,6767584;0,6767584;
-0,7921186;0;0;0,6103672;
-0,4103664;0;0;-0,9119208;
0,4982902;-0,4982902;-0,501704;0,501704;
-0,66891;-0,66891;0,2292587;0,2292587;
-0,4316313;0;0;0,9020501;
-0,2034738;-0,2034738;0,6771989;0,6771989;
-0,7918296;0;0;0,6107421;
-0,407894;0;0;-0,9130294;
0,4982632;-0,4982632;-0,5017307;0,5017307;
-0,6689223;-0,6689223;0,2292226;0,2292226;
-0,4316583;0;0;0,9020372;
-0,2024711;-0,2024711;0,6774995;0,6774995;
-0,7916099;0;0;0,6110268;
-0,4063008;0;0;-0,9137394;
0,4982572;-0,4982572;-0,5017368;0,5017368;
-0,668925;-0,668925;0,2292146;0,2292146;
-0,4316853;0;0;0,9020243;
-0,2015043;-0,2015043;0,6777876;0,6777876;
-0,7914048;0;0;0,6112925;
-0,4046955;0;0;-0,9144516;
0,4982512;-0,4982512;-0,5017428;0,5017428;
-0,668925;-0,668925;0,2292146;0,2292146;
-0,4317232;0;0;0,9020061;
-0,2010209;-0,2010209;0,6779311;0,6779311;
-0,7912949;0;0;0,6114346;
-0,4038841;0;0;-0,9148102;
0,4982572;-0,4982572;-0,5017368;0,5017368;
-0,6689264;-0,6689264;0,2292105;0,2292105;
-0,4317718;0;0;0,9019829;
-0,199582;-0,199582;0,6783562;0,6783562;
-0,7909797;0;0;0,6118424;
-0,4014862;0;0;-0,915865;
0,4982451;-0,4982451;-0,5017487;0,5017487;
-0,6689402;-0,6689402;0,2291704;0,2291704;
-0,4318151;0;0;0,9019622;
-0,199102;-0,199102;0,6784972;0,6784972;
-0,7908733;0;0;0,6119799;
-0,4006902;0;0;-0,9162137;
0,4982451;-0,4982451;-0,5017487;0,5017487;
-0,6689457;-0,6689457;0,2291543;0,2291543;
-0,4318313;0;0;0,9019544;
-0,1986183;-0,1986183;0,6786389;0,6786389;
-0,790756;0;0;0,6121314;
-0,3999102;0;0;-0,9165543;
0,4982212;-0,4982212;-0,5017726;0,5017726;
-0,6689484;-0,6689484;0,2291464;0,2291464;
-0,4318801;0;0;0,901931;
-0,1971901;-0,1971901;0,6790553;0,6790553;
-0,7904109;0;0;0,612577;
-0,397464;0;0;-0,9176179;
0,4982182;-0,4982182;-0,5017756;0,5017756;
-0,6689553;-0,6689553;0,2291264;0,2291264;
-0,4319287;0;0;0,9019077;
-0,1957241;-0,1957241;0,6794793;0,6794793;
-0,7900658;0;0;0,6130221;
-0,3949104;0;0;-0,9187197;
0,4982182;-0,4982182;-0,5017756;0,5017756;
-0,6689649;-0,6689649;0,2290983;0,2290983;
-0,4319395;0;0;0,9019026;
-0,1952436;-0,1952436;0,6796175;0,6796175;
-0,7899519;0;0;0,6131688;
-0,3940621;0;0;-0,9190839;
0,4982182;-0,4982182;-0,5017756;0,5017756;
-0,6689704;-0,6689704;0,2290822;0,2290822;
-0,4319774;0;0;0,9018844;
-0,194278;-0,194278;0,6798941;0,6798941;
-0,7896984;0;0;0,6134953;
-0,3924362;0;0;-0,9197793;
0,498182;-0,498182;-0,5018114;0,5018114;
-0,66898;-0,66898;0,2290542;0,2290542;
-0,4320368;0;0;0,901856;
-0,1928717;-0,1928717;0,6802945;0,6802945;
-0,7893451;0;0;0,6139497;
-0,3900148;0;0;-0,9208087;
0,4981941;-0,4981941;-0,5017994;0,5017994;
-0,6689951;-0,6689951;0,2290099;0,2290099;
-0,432053;0;0;0,9018482;
-0,1924107;-0,1924107;0,680425;0,680425;
-0,7892312;0;0;0,6140961;
-0,3891865;0;0;-0,921159;
0,498188;-0,498188;-0,5018055;0,5018055;
-0,6689993;-0,6689993;0,2289978;0,2289978;
-0,4321287;0;0;0,901812;
-0,1910442;-0,1910442;0,6808099;0,6808099;
-0,7888519;0;0;0,6145834;
-0,3867225;0;0;-0,9221962;
0,498149;-0,498149;-0,5018442;0,5018442;
-0,6690047;-0,6690047;0,2289818;0,2289818;
-0,4321665;0;0;0,9017938;
-0,1896318;-0,1896318;0,6812047;0,6812047;
-0,7884726;0;0;0,6150699;
-0,3842782;0;0;-0,9232174;
0,4981399;-0,4981399;-0,5018532;0,5018532;
-0,6690157;-0,6690157;0,2289498;0,2289498;
-0,4321881;0;0;0,9017835;
-0,1891827;-0,1891827;0,6813295;0,6813295;
-0,788336;0;0;0,6152449;
-0,3834479;0;0;-0,9235626;
0,4981249;-0,4981249;-0,5018681;0,5018681;
-0,6690212;-0,6690212;0,2289337;0,2289337;
-0,4322475;0;0;0,901755;
-0,1877897;-0,1877897;0,6817148;0,6817148;
-0,787934;0;0;0,6157597;
-0,3808999;0;0;-0,9246163;
0,4981219;-0,4981219;-0,501871;0,501871;
-0,669035;-0,669035;0,2288936;0,2288936;
-0,432307;0;0;0,9017265;
-0,1863673;-0,1863673;0,682105;0,682105;
-0,7875316;0;0;0,6162742;
-0,3783213;0;0;-0,9256744;
0,4980948;-0,4980948;-0,501898;0,501898;
-0,6690391;-0,6690391;0,2288816;0,2288816;
-0,4323448;0;0;0,9017084;
-0,185893;-0,185893;0,6822344;0,6822344;
-0,7873801;0;0;0,6164678;
-0,3775222;0;0;-0,9260006;
0,4981009;-0,4981009;-0,5018919;0,5018919;
-0,6690391;-0,6690391;0,2288816;0,2288816;
-0,432388;0;0;0,9016876;
-0,1844941;-0,1844941;0,6826141;0,6826141;
-0,7869329;0;0;0,6170385;
-0,3750063;0;0;-0,9270223;
0,4980497;-0,4980497;-0,5019428;0,5019428;
-0,6690487;-0,6690487;0,2288536;0,2288536;
-0,4324474;0;0;0,9016592;
-0,183127;-0,183127;0,6829821;0,6829821;
-0,7864928;0;0;0,6175995;
-0,3725378;0;0;-0,9280171;
0,4980465;-0,4980465;-0,5019459;0,5019459;
-0,6690542;-0,6690542;0,2288375;0,2288375;
-0,4324961;0;0;0,9016358;
-0,1822304;-0,1822304;0,6832219;0,6832219;
-0,7861892;0;0;0,6179859;
-0,3708853;0;0;-0,9286786;
0,4980286;-0,4980286;-0,5019637;0,5019637;
-0,6690624;-0,6690624;0,2288133;0,2288133;
-0,4325285;0;0;0,9016203;
-0,1813374;-0,1813374;0,6834594;0,6834594;
-0,7858742;0;0;0,6183865;
-0,3691869;0;0;-0,9293552;
0,4980136;-0,4980136;-0,5019786;0,5019786;
-0,669061;-0,669061;0,2288175;0,2288175;
-0,4325825;0;0;0,9015943;
-0,1800427;-0,1800427;0,6838017;0,6838017;
-0,7854183;0;0;0,6189654;
-0,3665895;0;0;-0,9303828;
0,4979895;-0,4979895;-0,5020025;0,5020025;
-0,6690706;-0,6690706;0,2287894;0,2287894;
-0,4326203;0;0;0,9015762;
-0,1796;-0,1796;0,683918;0,683918;
-0,7852661;0;0;0,6191584;
-0,3657138;0;0;-0,9307273;
0,4979685;-0,4979685;-0,5020233;0,5020233;
-0,669083;-0,669083;0,2287532;0,2287532;
-0,4326743;0;0;0,9015503;
-0,1782223;-0,1782223;0,6842784;0,6842784;
-0,7847984;0;0;0,6197513;
-0,3631408;0;0;-0,9317343;
0,4979594;-0,4979594;-0,5020323;0,5020323;
-0,6690775;-0,6690775;0,2287693;0,2287693;
-0,432734;0;0;0,9015217;
-0,1768642;-0,1768642;0,6846306;0,6846306;
-0,7843152;0;0;0,6203625;
-0,3606153;0;0;-0,9327147;
0,4979263;-0,4979263;-0,5020652;0,5020652;
-0,6690953;-0,6690953;0,228717;0,228717;
-0,4327772;0;0;0,9015009;
-0,175994;-0,175994;0,6848548;0,6848548;
-0,7839657;0;0;0,6208041;
-0,3589375;0;0;-0,9333616;
0,4979173;-0,4979173;-0,5020741;0,5020741;
-0,6690926;-0,6690926;0,228725;0,228725;
-0,4328258;0;0;0,9014776;
-0,1746512;-0,1746512;0,6851985;0,6851985;
-0,7834557;0;0;0,6214476;
-0,35643;0;0;-0,9343221;
0,4978932;-0,4978932;-0,5020979;0,5020979;
-0,6691077;-0,6691077;0,2286809;0,2286809;
-0,4328637;0;0;0,9014595;
-0,1737722;-0,1737722;0,6854219;0,6854219;
-0,7831094;0;0;0,621884;
-0,3547267;0;0;-0,93497;
0,4978871;-0,4978871;-0,502104;0,502104;
-0,669109;-0,669109;0,2286769;0,2286769;
-0,4329122;0;0;0,9014361;
-0,1728971;-0,1728971;0,6856432;0,6856432;
-0,7827364;0;0;0,6223533;
-0,3529888;0;0;-0,9356276;
0,4978692;-0,4978692;-0,5021218;0,5021218;
-0,6691118;-0,6691118;0,2286688;0,2286688;
-0,4329446;0;0;0,9014205;
-0,1720626;-0,1720626;0,6858531;0,6858531;
-0,7823896;0;0;0,6227893;
-0,3511544;0;0;-0,9363176;
0,4978481;-0,4978481;-0,5021427;0,5021427;
-0,6691255;-0,6691255;0,2286286;0,2286286;
-0,4329932;0;0;0,9013972;
-0,1716597;-0,1716597;0,6859541;0,6859541;
-0,7822028;0;0;0,623024;
-0,3502901;0;0;-0,9366413;
0,4978481;-0,4978481;-0,5021427;0,5021427;
-0,6691214;-0,6691214;0,2286408;0,2286408;
-0,4330311;0;0;0,901379;
-0,1703765;-0,1703765;0,6862739;0,6862739;
-0,7816501;0;0;0,6237172;
-0,3477065;0;0;-0,9376034;
0,4978209;-0,4978209;-0,5021697;0,5021697;
-0,669131;-0,669131;0,2286126;0,2286126;
-0,4330688;0;0;0,9013609;
-0,1690887;-0,1690887;0,6865923;0,6865923;
-0,7810779;0;0;0,6244338;
-0,3451874;0;0;-0,9385338;
0,4978029;-0,4978029;-0,5021874;0,5021874;
-0,6691324;-0,6691324;0,2286086;0,2286086;
-0,4330958;0;0;0,9013479;
-0,1686563;-0,1686563;0,6866987;0,6866987;
-0,7808982;0;0;0,6246583;
-0,3443379;0;0;-0,9388459;
0,4977969;-0,4977969;-0,5021935;0,5021935;
-0,6691378;-0,6691378;0,2285927;0,2285927;
-0,4331391;0;0;0,9013271;
-0,1678249;-0,1678249;0,6869023;0,6869023;
-0,7805125;0;0;0,6251402;
-0,3426098;0;0;-0,9394779;
0,4977849;-0,4977849;-0,5022054;0,5022054;
-0,6691501;-0,6691501;0,2285566;0,2285566;
-0,4331877;0;0;0,9013038;
-0,1669972;-0,1669972;0,687104;0,687104;
-0,7801302;0;0;0,6256172;
-0,3409198;0;0;-0,9400924;
0,4977698;-0,4977698;-0,5022203;0,5022203;
-0,6691542;-0,6691542;0,2285446;0,2285446;
-0,4332471;0;0;0,9012752;
-0,1657078;-0,1657078;0,6874161;0,6874161;
-0,7795264;0;0;0,6263695;
-0,3382873;0;0;-0,9410429;
0,4977608;-0,4977608;-0,5022292;0,5022292;
-0,6691611;-0,6691611;0,2285244;0,2285244;
-0,4332633;0;0;0,9012674;
-0,1648752;-0,1648752;0,6876163;0,6876163;
-0,7791319;0;0;0,62686;
-0,3365214;0;0;-0,9416759;
0,4977276;-0,4977276;-0,5022621;0,5022621;
-0,6691707;-0,6691707;0,2284963;0,2284963;
-0,4332957;0;0;0,9012519;
-0,164055;-0,164055;0,6878124;0,6878124;
-0,778711;0;0;0,6273828;
-0,3347371;0;0;-0,9423115;
0,4977336;-0,4977336;-0,5022562;0,5022562;
-0,6691707;-0,6691707;0,2284963;0,2284963;
-0,4333659;0;0;0,9012181;
-0,1632592;-0,1632592;0,6880018;0,6880018;
-0,7783085;0;0;0,627882;
-0,3329858;0;0;-0,9429319;
0,4977066;-0,4977066;-0,502283;0,502283;
-0,6691858;-0,6691858;0,2284521;0,2284521;
-0,4333929;0;0;0,9012051;
-0,1624547;-0,1624547;0,6881922;0,6881922;
-0,7778834;0;0;0,6284088;
-0,3312727;0;0;-0,9435351;
0,4976915;-0,4976915;-0,5022979;0,5022979;
-0,6691899;-0,6691899;0,2284401;0,2284401;
-0,4333929;0;0;0,9012051;
-0,1620422;-0,1620422;0,6882895;0,6882895;
-0,7776911;0;0;0,6286467;
-0,3304129;0;0;-0,9438366;
0,4976915;-0,4976915;-0,5022979;0,5022979;
-0,6691927;-0,6691927;0,2284321;0,2284321;
-0,4334739;0;0;0,9011661;
-0,1608083;-0,1608083;0,6885787;0,6885787;
-0,7770429;0;0;0,6294477;
-0,3278265;0;0;-0,9447379;
0,4976614;-0,4976614;-0,5023277;0,5023277;
-0,6691995;-0,6691995;0,228412;0,228412;
-0,4334793;0;0;0,9011635;
-0,1600035;-0,1600035;0,6887662;0,6887662;
-0,776639;0;0;0,6299459;
-0,3261272;0;0;-0,945326;
0,4976553;-0,4976553;-0,5023338;0,5023338;
-0,6692119;-0,6692119;0,2283759;0,2283759;
-0,4335389;0;0;0,9011348;
-0,1592272;-0,1592272;0,6889461;0,6889461;
-0,7762048;0;0;0,6304809;
-0,3243815;0;0;-0,9459264;
0,4976433;-0,4976433;-0,5023456;0,5023456;
-0,6692105;-0,6692105;0,2283799;0,2283799;
-0,4335605;0;0;0,9011245;
-0,1584422;-0,1584422;0,689127;0,689127;
-0,7757813;0;0;0,6310019;
-0,3226006;0;0;-0,9465352;
0,4976282;-0,4976282;-0,5023606;0,5023606;
-0,6692159;-0,6692159;0,2283639;0,2283639;
-0,4336037;0;0;0,9011037;
-0,1580375;-0,1580375;0,68922;0,68922;
-0,7755356;0;0;0,631304;
-0,3217269;0;0;-0,9468326;
0,4976313;-0,4976313;-0,5023576;0,5023576;
-0,6692228;-0,6692228;0,2283439;0,2283439;
-0,4336523;0;0;0,9010803;
-0,1569756;-0,1569756;0,6894626;0,6894626;
-0,7749223;0;0;0,6320565;
-0,319422;0;0;-0,9476126;
0,4976223;-0,4976223;-0,5023665;0,5023665;
-0,6692255;-0,6692255;0,2283358;0,2283358;
-0,4336738;0;0;0,9010699;
-0,1563266;-0,1563266;0,6896101;0,6896101;
-0,7745774;0;0;0,6324792;
-0,3180643;0;0;-0,9480692;
0,4976133;-0,4976133;-0,5023754;0,5023754;
-0,6692255;-0,6692255;0,2283358;0,2283358;
-0,4336846;0;0;0,9010648;
-0,1562233;-0,1562233;0,6896335;0,6896335;
-0,7745206;0;0;0,6325488;
-0,3178087;0;0;-0,9481549;
0,4976133;-0,4976133;-0,5023754;0,5023754;
-0,6692228;-0,6692228;0,2283439;0,2283439;
-0,4336684;0;0;0,9010725;
-0,1561324;-0,1561324;0,6896541;0,6896541;
-0,7745055;0;0;0,6325673;
-0,3177801;0;0;-0,9481644;
0,4976193;-0,4976193;-0,5023695;0,5023695;
-0,6692269;-0,6692269;0,2283318;0,2283318;
